test/test.asc
ncols         340
nrows         380
xllcorner     987437.5
yllcorner     6293887.5
cellsize      200.0
NODATA_value  -9999
[rows 60 to 79 of 380, columns 45 to 89 of 340]
-9999 -9999 -9999 -9999 -9999 -9999 -9999 -9999 -9999 -9999 907.517333984375 2350.338134765625 2314.9423828125 2313.403564453125 2268.225341796875 2283.453125 2282.064208984375 2350.5244140625 2428.745849609375 2306.852783203125 2242.813720703125 2241.117431640625 2166.89111328125 2127.556640625 2087.900390625 2115.927734375 2234.802001953125 2387.41748046875 2505.69482421875 2559.349609375 2510.472412109375 2514.455078125 2554.6162109375 2652.9228515625 2739.206298828125 2660.96142578125 2598.54052734375 2553.31201171875 2415.458984375 2357.760009765625 2274.500732421875 2155.59814453125 2087.77587890625 2000.0137939453125 1950.6544189453125
-9999 -9999 -9999 -9999 -9999 -9999 -9999 -9999 -9999 -9999 1325.9716796875 2365.460205078125 2290.9521484375 2249.3486328125 2213.344482421875 2196.4189453125 2207.270263671875 2284.674072265625 2364.107421875 2261.430908203125 2170.021728515625 2119.468017578125 2091.18896484375 2076.544921875 2072.255859375 2111.520263671875 2232.249755859375 2341.4248046875 2405.568115234375 2454.029296875 2447.0244140625 2487.77978515625 2558.00390625 2683.86962890625 2639.63427734375 2552.931884765625 2493.2041015625 2453.952880859375 2395.3330078125 2399.291015625 2413.144775390625 2250.779052734375 2140.31787109375 2083.912841796875 1971.160888671875
-9999 -9999 -9999 -9999 -9999 -9999 -9999 -9999 -9999 240.15093994140625 2178.63134765625 2404.50537109375 2285.644287109375 2189.777099609375 2115.5166015625 2120.89599609375 2138.9228515625 2244.2119140625 2247.441162109375 2153.79345703125 2078.92822265625 2051.611328125 2047.5628662109375 2050.416748046875 2067.005859375 2105.068603515625 2176.5107421875 2282.81396484375 2358.67236328125 2408.181396484375 2420.2509765625 2465.11474609375 2573.479736328125 2657.8701171875 2552.400634765625 2509.883544921875 2476.6376953125 2438.5146484375 2400.7021484375 2455.856689453125 2517.40478515625 2296.1435546875 2164.55029296875 2106.2236328125 2014.40576171875
-9999 -9999 -9999 -9999 -9999 1255.611572265625 434.2137451171875 1339.3978271484375 1699.5908203125 2356.825439453125 2475.954345703125 2376.030517578125 2252.75244140625 2126.207275390625 2042.8465576171875 2045.6568603515625 2062.4970703125 2159.44677734375 2142.9208984375 2058.996337890625 2011.2291259765625 2018.981689453125 2042.6962890625 2072.54443359375 2090.519287109375 2118.019775390625 2163.813232421875 2234.0263671875 2321.569580078125 2373.593017578125 2414.633056640625 2489.421875 2641.7431640625 2695.41455078125 2565.970703125 2498.103271484375 2471.2666015625 2459.4794921875 2463.31884765625 2527.003173828125 2529.80322265625 2340.154296875 2192.283935546875 2124.156982421875 2116.38720703125
-9999 -9999 -9999 -9999 1373.2562255859375 2721.836181640625 2720.343994140625 2624.0849609375 2509.191162109375 2450.02587890625 2380.5322265625 2303.822021484375 2236.890380859375 2141.136962890625 2049.007568359375 2008.927490234375 2000.77294921875 2071.800537109375 2028.5802001953125 1985.29052734375 1971.5714111328125 2013.71044921875 2065.864013671875 2091.402099609375 2125.46728515625 2136.75927734375 2167.49267578125 2209.78369140625 2280.33349609375 2343.337890625 2447.92724609375 2562.90087890625 2711.97021484375 2806.2734375 2663.490234375 2577.953369140625 2554.200927734375 2572.26123046875 2615.039794921875 2649.61181640625 2561.607421875 2437.896484375 2232.039306640625 2152.66162109375 2161.933837890625
-9999 -9999 -9999 -9999 1725.6597900390625 2655.853271484375 2703.866943359375 2615.036376953125 2499.043212890625 2404.3740234375 2335.635986328125 2282.872802734375 2226.004638671875 2145.57763671875 2079.277587890625 2007.70654296875 1960.95068359375 1990.1373291015625 1960.6025390625 1933.2850341796875 1958.051513671875 2000.0478515625 2069.624755859375 2152.917724609375 2247.975341796875 2181.28759765625 2186.564453125 2235.655029296875 2279.133544921875 2393.209716796875 2545.874755859375 2636.859130859375 2712.241455078125 2779.914794921875 2781.884765625 2745.53857421875 2713.005615234375 2751.9130859375 2701.644287109375 2636.284912109375 2595.231201171875 2417.060546875 2253.882568359375 2180.4912109375 2180.684326171875
-9999 -9999 -9999 -9999 1241.1644287109375 2632.39453125 2576.98095703125 2570.02783203125 2535.362548828125 2426.384521484375 2352.03759765625 2269.91162109375 2195.9345703125 2129.4384765625 2082.7177734375 2018.7890625 1945.057861328125 1892.3590087890625 1892.939208984375 1919.927978515625 1970.5272216796875 2028.609375 2115.533203125 2257.996826171875 2350.47216796875 2239.13818359375 2210.992919921875 2241.163330078125 2288.089111328125 2366.75732421875 2501.395751953125 2572.516357421875 2644.888916015625 2752.829345703125 2817.22607421875 2822.205322265625 2838.327880859375 2761.799560546875 2623.594970703125 2527.99755859375 2485.31201171875 2357.252197265625 2248.077880859375 2184.896484375 2182.8701171875
-9999 -9999 -9999 -9999 455.03485107421875 2556.560546875 2478.549560546875 2465.61181640625 2480.970703125 2435.698486328125 2369.399169921875 2299.066650390625 2212.246826171875 2134.41015625 2057.29248046875 1963.4775390625 1885.9781494140625 1862.8275146484375 1883.0684814453125 1916.6878662109375 2000.8062744140625 2075.147705078125 2159.81689453125 2276.2392578125 2386.642578125 2288.866943359375 2238.519775390625 2229.775146484375 2287.0849609375 2332.708251953125 2412.10546875 2500.09521484375 2589.167236328125 2667.537109375 2697.4267578125 2702.341796875 2713.471435546875 2685.805419921875 2574.835693359375 2467.18896484375 2398.3173828125 2317.775146484375 2243.375 2188.699951171875 2188.72119140625
-9999 -9999 -9999 -9999 123.09203338623047 2502.6494140625 2446.065673828125 2399.083984375 2382.918701171875 2370.47265625 2354.909912109375 2310.494140625 2255.254150390625 2189.9248046875 2054.087890625 1887.1865234375 1835.8592529296875 1832.66162109375 1861.9410400390625 1964.75048828125 2083.84326171875 2135.77197265625 2225.59033203125 2367.667724609375 2445.01611328125 2344.5244140625 2289.179931640625 2253.267578125 2269.64013671875 2322.50146484375 2361.96875 2405.579345703125 2500.202880859375 2533.2734375 2537.70458984375 2547.05615234375 2555.9443359375 2600.1884765625 2537.53564453125 2444.835205078125 2387.759521484375 2317.802978515625 2244.3544921875 2203.444091796875 2194.612060546875
-9999 -9999 -9999 -9999 771.1685791015625 2508.398681640625 2487.080322265625 2397.237060546875 2359.656982421875 2337.921630859375 2287.46337890625 2239.512451171875 2196.033203125 2162.693603515625 1970.9368896484375 1834.4979248046875 1808.385009765625 1817.4473876953125 1892.3326416015625 2036.52978515625 2193.061767578125 2259.813232421875 2397.62890625 2541.8505859375 2517.4111328125 2388.4482421875 2331.29736328125 2291.534912109375 2262.473876953125 2308.945556640625 2352.988037109375 2382.8466796875 2422.234619140625 2448.5263671875 2464.351806640625 2485.34130859375 2490.664306640625 2564.37890625 2510.564697265625 2441.33447265625 2378.9990234375 2333.58837890625 2282.52099609375 2221.54931640625 2205.245361328125
-9999 -9999 -9999 -9999 1969.086669921875 2468.94580078125 2429.52587890625 2425.27685546875 2368.5322265625 2306.5595703125 2237.281494140625 2172.82568359375 2118.362060546875 2024.5419921875 1893.6036376953125 1802.94580078125 1792.394287109375 1822.3292236328125 1912.2923583984375 2055.22802734375 2215.3955078125 2298.458984375 2404.46923828125 2510.074462890625 2539.058349609375 2474.45166015625 2423.8876953125 2409.200927734375 2331.496826171875 2329.964111328125 2365.014892578125 2378.3935546875 2389.383544921875 2406.13916015625 2434.197509765625 2461.519775390625 2499.89697265625 2548.90087890625 2490.181640625 2456.769775390625 2402.95947265625 2337.818115234375 2282.097412109375 2240.496826171875 2214.368896484375
-9999 -9999 -9999 -9999 1959.3173828125 2433.427490234375 2370.14501953125 2361.732666015625 2397.671142578125 2352.548583984375 2276.23291015625 2159.735595703125 2041.22265625 1942.02294921875 1852.221435546875 1786.135498046875 1788.27685546875 1826.37890625 1904.3717041015625 2028.21630859375 2141.932861328125 2185.526123046875 2245.833984375 2342.8447265625 2435.22412109375 2533.912841796875 2543.83349609375 2523.54150390625 2437.74072265625 2389.296142578125 2385.0947265625 2391.76513671875 2395.6982421875 2410.241943359375 2458.48681640625 2494.694580078125 2550.054931640625 2546.58544921875 2534.4033203125 2505.332763671875 2413.521240234375 2368.382080078125 2296.330322265625 2257.858642578125 2211.646484375
-9999 -9999 -9999 206.00563049316406 2554.654541015625 2434.844970703125 2343.082275390625 2332.344482421875 2313.786376953125 2338.702880859375 2274.18310546875 2132.193359375 2024.839111328125 1925.7869873046875 1839.4471435546875 1777.92041015625 1783.24072265625 1820.6878662109375 1866.616455078125 1969.334716796875 1993.7255859375 2027.2738037109375 2111.406494140625 2223.02978515625 2339.68798828125 2458.126953125 2561.471923828125 2606.7958984375 2555.304443359375 2488.843994140625 2454.25244140625 2431.74609375 2427.328369140625 2473.873291015625 2558.370849609375 2589.1435546875 2645.240478515625 2633.445068359375 2610.00634765625 2575.053466796875 2417.824951171875 2341.323974609375 2308.048828125 2268.0185546875 2225.383544921875
-9999 -9999 -9999 998.7965698242188 2646.238037109375 2494.607177734375 2359.65771484375 2330.05859375 2252.464599609375 2248.968505859375 2177.052490234375 2106.96240234375 1981.743896484375 1897.305908203125 1826.11328125 1776.1993408203125 1760.4649658203125 1787.52392578125 1809.6644287109375 1868.78515625 1882.6461181640625 1944.397705078125 2026.1539306640625 2128.388916015625 2259.505859375 2396.675048828125 2491.382568359375 2589.048095703125 2640.406494140625 2629.626708984375 2587.901611328125 2535.854736328125 2514.2119140625 2550.87255859375 2633.37744140625 2637.586669921875 2654.23193359375 2678.329345703125 2552.240234375 2494.755126953125 2416.128173828125 2333.027099609375 2306.783203125 2279.0498046875 2279.176513671875
-9999 -9999 -9999 126.07515716552734 1439.899658203125 2606.089111328125 2400.073974609375 2290.09716796875 2179.42626953125 2140.124755859375 2119.597900390625 2046.5936279296875 1938.861083984375 1862.2801513671875 1788.752197265625 1735.873291015625 1704.21728515625 1737.063232421875 1752.1016845703125 1803.1650390625 1848.7476806640625 1919.829833984375 1991.9296875 2079.565673828125 2192.68505859375 2298.354736328125 2393.830078125 2474.860595703125 2554.79150390625 2648.610595703125 2702.810791015625 2668.769775390625 2650.009765625 2640.644775390625 2572.92041015625 2527.489013671875 2557.946533203125 2602.983642578125 2519.753173828125 2462.7373046875 2405.08837890625 2340.96240234375 2311.96728515625 2283.972412109375 2310.6611328125
-9999 -9999 -9999 -9999 -9999 2153.523193359375 2414.83349609375 2294.332275390625 2165.216796875 2074.103515625 2023.2711181640625 1962.18994140625 1874.647705078125 1803.6456298828125 1733.23388671875 1685.677001953125 1667.32177734375 1693.0107421875 1729.0692138671875 1789.164794921875 1889.9012451171875 2026.7271728515625 2057.465576171875 2055.142578125 2118.017578125 2181.05908203125 2263.05322265625 2383.77099609375 2470.59765625 2548.670654296875 2609.68798828125 2665.68017578125 2670.644287109375 2574.4921875 2495.796142578125 2509.88232421875 2543.818359375 2571.60986328125 2572.09912109375 2465.056396484375 2406.867431640625 2342.99072265625 2328.37353515625 2295.273193359375 2327.616455078125
-9999 -9999 -9999 -9999 -9999 2307.845703125 2417.3330078125 2261.767578125 2155.717041015625 2084.7607421875 2003.5609130859375 1927.615478515625 1858.0819091796875 1777.4005126953125 1713.0255126953125 1667.0059814453125 1660.9713134765625 1703.364501953125 1756.4404296875 1841.2734375 1958.8092041015625 2139.6962890625 2194.401611328125 2123.06396484375 2103.7177734375 2128.60107421875 2171.6572265625 2303.2255859375 2380.946044921875 2440.90771484375 2468.971435546875 2519.66943359375 2535.239013671875 2498.787109375 2484.9111328125 2513.755615234375 2517.66552734375 2537.62109375 2576.633544921875 2483.1171875 2399.915283203125 2348.3720703125 2334.956298828125 2325.52490234375 2344.509765625
-9999 -9999 -9999 -9999 -9999 2248.562744140625 2402.8798828125 2213.85693359375 2143.396484375 2053.964111328125 1973.817138671875 1920.7462158203125 1854.2734375 1775.966552734375 1694.001220703125 1648.0296630859375 1693.5704345703125 1761.9683837890625 1813.9375 1910.26953125 2009.98583984375 2200.831787109375 2288.994873046875 2229.253662109375 2156.960205078125 2146.8583984375 2169.105224609375 2260.122314453125 2316.408203125 2345.37353515625 2376.13037109375 2414.59912109375 2464.815673828125 2472.9248046875 2490.835205078125 2497.294921875 2499.801025390625 2512.20703125 2553.105712890625 2474.185546875 2409.0751953125 2372.0908203125 2374.9482421875 2375.878662109375 2371.941162109375
-9999 -9999 -9999 -9999 1064.571533203125 2482.606689453125 2421.891357421875 2217.6083984375 2140.8271484375 2070.559814453125 1971.1739501953125 1890.275634765625 1822.69873046875 1765.7589111328125 1675.4295654296875 1652.2735595703125 1741.673583984375 1830.6798095703125 1904.6295166015625 1958.9871826171875 2037.5509033203125 2211.744140625 2355.76513671875 2347.80224609375 2274.8310546875 2233.189453125 2238.03759765625 2237.571044921875 2260.1162109375 2297.077880859375 2351.506591796875 2376.310546875 2396.43505859375 2415.29052734375 2442.726806640625 2453.381103515625 2467.496826171875 2483.0927734375 2516.277099609375 2487.708740234375 2432.66943359375 2411.9482421875 2401.60498046875 2405.543212890625 2410.93310546875
-9999 -9999 -9999 1268.9346923828125 2535.40869140625 2499.152587890625 2369.118408203125 2236.358642578125 2118.939453125 2069.837890625 1974.2249755859375 1869.5177001953125 1776.8067626953125 1716.837646484375 1651.657958984375 1673.1839599609375 1777.944091796875 1885.091064453125 1940.9346923828125 1981.398681640625 2044.657470703125 2204.78466796875 2364.3486328125 2383.04931640625 2401.428466796875 2342.87060546875 2306.281005859375 2283.0 2253.026611328125 2247.45263671875 2324.6435546875 2374.523681640625 2374.633056640625 2396.139404296875 2398.10009765625 2419.5361328125 2446.820068359375 2469.23388671875 2500.664794921875 2523.996826171875 2524.11962890625 2463.979736328125 2425.431640625 2428.162841796875 2442.568115234375
