test/test.asc
ncols         340
nrows         380
xllcorner     987437.5
yllcorner     6293887.5
cellsize      200.0
NODATA_value  -9999
[rows 120 to 139 of 380, columns 90 to 134 of 340]
1890.3028564453125 1851.5870361328125 1788.5648193359375 1735.70947265625 1682.4569091796875 1631.7200927734375 1563.0576171875 1372.1773681640625 1220.822998046875 1245.7769775390625 1481.1439208984375 1518.865478515625 1510.3203125 1619.598388671875 1619.340576171875 1520.9459228515625 1442.764892578125 1432.5948486328125 1446.8487548828125 1359.2755126953125 1404.80029296875 1482.0570068359375 1551.2923583984375 1655.1351318359375 1781.787841796875 1887.5679931640625 1992.410888671875 2070.620849609375 2031.3712158203125 1922.4810791015625 1793.3570556640625 1688.912841796875 1586.354736328125 1497.8746337890625 1519.524658203125 1550.5159912109375 1525.365966796875 1589.3092041015625 1677.07421875 1738.622314453125 1729.4302978515625 1740.858154296875 1869.32177734375 1929.59033203125 1984.4625244140625
1819.396240234375 1839.423583984375 1802.51025390625 1731.1829833984375 1633.489501953125 1532.0947265625 1393.346923828125 1291.452392578125 1175.4163818359375 1198.3642578125 1271.96337890625 1326.434326171875 1415.3604736328125 1544.2801513671875 1532.0150146484375 1509.9837646484375 1467.76025390625 1387.7926025390625 1334.463623046875 1343.6876220703125 1458.9056396484375 1527.7208251953125 1575.61376953125 1659.746826171875 1787.701904296875 1894.2935791015625 1993.361083984375 2017.985595703125 1971.0 1872.2696533203125 1757.36279296875 1657.9263916015625 1576.5257568359375 1494.493408203125 1462.8980712890625 1485.5904541015625 1482.5240478515625 1532.677001953125 1591.1055908203125 1623.592529296875 1618.7047119140625 1701.5528564453125 1825.576904296875 1941.48291015625 2043.5355224609375
1707.1790771484375 1731.637939453125 1765.1378173828125 1663.3548583984375 1546.7646484375 1455.9088134765625 1372.9786376953125 1282.2728271484375 1192.310302734375 1121.44580078125 1161.5274658203125 1248.3375244140625 1326.6634521484375 1378.6754150390625 1371.297607421875 1394.4044189453125 1457.8995361328125 1395.8922119140625 1289.0166015625 1403.5626220703125 1518.1011962890625 1574.93701171875 1618.0211181640625 1717.130126953125 1813.2066650390625 1920.217529296875 1986.6170654296875 1960.8695068359375 1917.0504150390625 1858.977294921875 1762.113037109375 1667.50634765625 1590.85009765625 1511.3363037109375 1443.8231201171875 1451.682861328125 1450.814697265625 1482.3291015625 1505.9593505859375 1505.9722900390625 1563.5548095703125 1688.746826171875 1770.03076171875 1905.4827880859375 2000.322998046875
1538.23779296875 1621.29638671875 1719.323486328125 1624.749267578125 1530.8092041015625 1485.6331787109375 1401.9576416015625 1311.0992431640625 1211.2689208984375 1117.5908203125 1127.1534423828125 1209.6722412109375 1218.39501953125 1219.7672119140625 1221.005615234375 1257.56591796875 1259.4407958984375 1226.5447998046875 1275.921142578125 1405.3447265625 1522.9744873046875 1608.2384033203125 1668.458251953125 1793.725830078125 1902.9931640625 1967.6400146484375 1942.442138671875 1878.05859375 1838.665771484375 1793.8603515625 1727.9501953125 1650.661865234375 1570.5411376953125 1489.899658203125 1427.2618408203125 1427.7340087890625 1420.2808837890625 1420.6839599609375 1433.649658203125 1508.96826171875 1589.3123779296875 1676.9591064453125 1773.3726806640625 1865.9381103515625 1971.338623046875
1440.7225341796875 1529.14501953125 1616.1534423828125 1578.4541015625 1434.6734619140625 1402.0574951171875 1370.2105712890625 1286.2047119140625 1174.2890625 1095.6854248046875 1083.431884765625 1119.932373046875 1115.7559814453125 1112.4971923828125 1131.1251220703125 1156.5439453125 1179.3427734375 1247.94140625 1349.0386962890625 1499.3831787109375 1582.306396484375 1648.0552978515625 1712.9173583984375 1843.852294921875 1960.3770751953125 1977.34130859375 1894.9197998046875 1803.19775390625 1732.0823974609375 1689.11279296875 1635.576904296875 1609.04052734375 1559.498779296875 1499.306884765625 1417.1220703125 1397.010498046875 1384.39404296875 1394.0450439453125 1483.5189208984375 1571.653076171875 1646.904541015625 1710.8128662109375 1784.7376708984375 1863.6143798828125 1953.3182373046875
1399.0244140625 1460.8480224609375 1487.7537841796875 1464.262451171875 1379.577392578125 1283.8826904296875 1258.6470947265625 1223.37841796875 1185.7933349609375 1115.220458984375 1070.719482421875 1059.2708740234375 1086.75146484375 1159.8509521484375 1225.125732421875 1250.002197265625 1247.9527587890625 1271.84619140625 1381.2030029296875 1511.8287353515625 1618.3123779296875 1669.6875 1742.9613037109375 1864.469970703125 2003.856201171875 1975.149169921875 1871.8883056640625 1763.7568359375 1671.2730712890625 1599.6234130859375 1539.2353515625 1540.0330810546875 1522.368896484375 1483.0284423828125 1423.727294921875 1370.5626220703125 1358.9144287109375 1382.96533203125 1482.931884765625 1569.1578369140625 1653.098876953125 1731.6383056640625 1801.91455078125 1887.259521484375 1963.10302734375
1333.8160400390625 1391.3846435546875 1398.32373046875 1362.795166015625 1326.6456298828125 1241.703125 1172.6380615234375 1161.8612060546875 1137.93896484375 1118.285888671875 1063.3353271484375 1067.9725341796875 1139.45068359375 1206.803466796875 1274.8526611328125 1327.2454833984375 1347.4073486328125 1337.889892578125 1397.5126953125 1519.751220703125 1597.7010498046875 1667.2276611328125 1763.1895751953125 1852.4744873046875 1984.8023681640625 1977.690185546875 1877.7535400390625 1769.50732421875 1701.6778564453125 1640.283935546875 1561.3978271484375 1476.85546875 1456.888916015625 1450.1162109375 1429.4537353515625 1361.700927734375 1337.99169921875 1380.9481201171875 1460.7171630859375 1542.10498046875 1616.18798828125 1704.2987060546875 1787.676513671875 1869.5228271484375 1940.8135986328125
1300.651123046875 1320.243896484375 1306.3525390625 1285.6495361328125 1289.6383056640625 1235.0400390625 1186.6309814453125 1135.057373046875 1102.7254638671875 1087.0081787109375 1050.7342529296875 1107.5057373046875 1176.77685546875 1236.787353515625 1297.826416015625 1347.68798828125 1392.274658203125 1427.4443359375 1467.26220703125 1537.7711181640625 1610.6981201171875 1679.5478515625 1762.16552734375 1834.9246826171875 1951.2939453125 2006.2562255859375 1926.1629638671875 1852.66162109375 1774.43310546875 1693.904541015625 1617.10986328125 1525.6954345703125 1449.2451171875 1396.7607421875 1384.09423828125 1344.068115234375 1320.9212646484375 1352.9237060546875 1454.05615234375 1540.0345458984375 1616.541259765625 1700.040771484375 1762.1942138671875 1812.3455810546875 1851.3392333984375
1232.8009033203125 1230.3687744140625 1238.4920654296875 1218.2244873046875 1257.9287109375 1248.1719970703125 1206.5992431640625 1163.549072265625 1107.377197265625 1050.4498291015625 1083.0531005859375 1179.912353515625 1212.592041015625 1254.8135986328125 1317.567626953125 1369.224853515625 1422.4710693359375 1485.16455078125 1533.1400146484375 1588.4996337890625 1640.8863525390625 1699.145751953125 1769.8883056640625 1829.6630859375 1920.9908447265625 1947.9083251953125 1934.4766845703125 1893.03076171875 1797.265625 1705.520263671875 1639.6190185546875 1556.708740234375 1476.967529296875 1391.95556640625 1359.787841796875 1314.0648193359375 1302.450439453125 1352.447021484375 1463.46044921875 1515.58642578125 1582.2509765625 1646.8441162109375 1713.775634765625 1761.904541015625 1771.759521484375
1156.412841796875 1172.662841796875 1181.60693359375 1207.5626220703125 1250.494873046875 1275.9854736328125 1231.0902099609375 1186.23486328125 1142.3231201171875 1080.93505859375 1067.770751953125 1194.300048828125 1218.7520751953125 1275.75830078125 1326.8245849609375 1379.2679443359375 1457.4716796875 1533.7806396484375 1586.8851318359375 1645.7130126953125 1685.5977783203125 1714.1617431640625 1773.82177734375 1826.867919921875 1854.6373291015625 1809.2576904296875 1814.1087646484375 1839.0010986328125 1749.4593505859375 1684.82373046875 1630.4979248046875 1546.4566650390625 1429.11474609375 1357.5364990234375 1326.6815185546875 1290.3690185546875 1283.9097900390625 1351.747802734375 1448.8118896484375 1478.6851806640625 1543.6199951171875 1634.992919921875 1718.8145751953125 1734.10107421875 1703.48486328125
1121.4642333984375 1118.7059326171875 1159.989013671875 1182.453857421875 1235.848388671875 1274.7587890625 1253.140625 1213.8963623046875 1197.864501953125 1139.7802734375 1017.5260620117188 1078.97265625 1208.293701171875 1299.114501953125 1360.8743896484375 1414.7930908203125 1491.5994873046875 1556.307861328125 1625.456298828125 1695.5802001953125 1712.1021728515625 1689.4365234375 1735.7384033203125 1761.3349609375 1760.8037109375 1726.71435546875 1721.34814453125 1742.5684814453125 1695.4169921875 1648.9837646484375 1601.873779296875 1529.5391845703125 1449.64013671875 1337.45166015625 1292.72802734375 1269.1170654296875 1276.1422119140625 1386.5919189453125 1432.5206298828125 1495.692138671875 1578.3604736328125 1665.951416015625 1718.998779296875 1705.002685546875 1626.818603515625
1141.8895263671875 1112.3031005859375 1110.8009033203125 1182.676513671875 1230.6273193359375 1238.8345947265625 1242.440673828125 1245.1331787109375 1241.9166259765625 1127.8458251953125 990.91064453125 1025.97705078125 1212.974853515625 1299.9508056640625 1360.760498046875 1424.71484375 1485.0509033203125 1549.65087890625 1615.8348388671875 1644.6405029296875 1635.5452880859375 1625.0953369140625 1649.3590087890625 1685.4766845703125 1703.221435546875 1639.1290283203125 1648.3359375 1683.760986328125 1651.60205078125 1584.7728271484375 1532.1646728515625 1492.8533935546875 1405.467041015625 1328.2880859375 1267.6533203125 1245.8896484375 1312.373779296875 1374.0777587890625 1446.71337890625 1534.632080078125 1623.2037353515625 1686.9698486328125 1713.997314453125 1700.3778076171875 1588.5675048828125
1127.1004638671875 1100.6231689453125 1112.7493896484375 1185.2510986328125 1218.47265625 1200.8660888671875 1206.45263671875 1245.8623046875 1207.763427734375 1052.41748046875 956.7506103515625 1026.5537109375 1194.861572265625 1309.03857421875 1341.624267578125 1395.0908203125 1434.9976806640625 1483.68310546875 1527.1038818359375 1528.436279296875 1518.7322998046875 1515.5169677734375 1577.5361328125 1622.43408203125 1582.44873046875 1527.212646484375 1582.9583740234375 1654.72216796875 1635.41455078125 1554.263427734375 1465.6373291015625 1418.8118896484375 1356.849853515625 1315.05126953125 1257.7939453125 1229.1456298828125 1316.5233154296875 1396.856201171875 1453.8912353515625 1517.2052001953125 1576.2392578125 1651.0257568359375 1679.1011962890625 1654.5474853515625 1544.3643798828125
1071.3232421875 1056.23095703125 1089.9488525390625 1140.0748291015625 1184.03466796875 1163.9686279296875 1190.6767578125 1223.7193603515625 1174.42236328125 1027.307373046875 941.0437622070312 1087.928955078125 1252.7862548828125 1358.77392578125 1363.6363525390625 1353.0201416015625 1371.122314453125 1429.3504638671875 1461.099365234375 1442.050048828125 1420.5404052734375 1435.700927734375 1539.53955078125 1534.5228271484375 1473.17431640625 1454.9124755859375 1575.5076904296875 1652.712646484375 1616.047607421875 1550.3223876953125 1479.1156005859375 1389.4560546875 1329.589111328125 1304.831298828125 1244.1201171875 1209.184814453125 1295.17041015625 1355.121826171875 1350.360107421875 1385.625732421875 1475.0059814453125 1509.2718505859375 1564.498779296875 1591.6759033203125 1495.8131103515625
1009.1456298828125 1020.234375 1036.7015380859375 1118.4169921875 1137.1959228515625 1135.9134521484375 1163.1591796875 1178.533935546875 1089.7794189453125 955.2703247070312 949.6038818359375 1109.3370361328125 1257.595458984375 1361.7646484375 1402.2152099609375 1340.4229736328125 1311.5587158203125 1365.8917236328125 1407.3538818359375 1380.458740234375 1364.8837890625 1433.15380859375 1455.036376953125 1431.8790283203125 1384.049560546875 1421.61181640625 1558.5284423828125 1591.91650390625 1558.7120361328125 1521.5023193359375 1481.7271728515625 1419.0523681640625 1365.584716796875 1297.8448486328125 1240.37353515625 1187.15673828125 1214.36083984375 1236.0791015625 1231.62060546875 1300.080322265625 1376.5975341796875 1382.0736083984375 1454.9495849609375 1490.611572265625 1429.7823486328125
955.2293701171875 958.1860961914062 1007.7633056640625 1087.889404296875 1106.752685546875 1099.306396484375 1129.14306640625 1111.27685546875 1010.6109619140625 911.8250122070312 991.5921630859375 1153.5545654296875 1294.70166015625 1368.2392578125 1392.0262451171875 1339.7490234375 1255.5255126953125 1277.848876953125 1329.65234375 1343.9190673828125 1338.6409912109375 1397.088134765625 1388.05126953125 1354.70556640625 1340.5679931640625 1440.4822998046875 1562.2503662109375 1521.4208984375 1503.3179931640625 1477.145263671875 1456.7838134765625 1434.1368408203125 1357.0966796875 1313.1328125 1224.4915771484375 1173.161376953125 1165.2158203125 1189.9051513671875 1229.335205078125 1228.6708984375 1263.38720703125 1285.2523193359375 1343.6851806640625 1424.9493408203125 1356.700439453125
925.42578125 924.13232421875 982.122802734375 1052.71044921875 1073.2862548828125 1092.66259765625 1111.4666748046875 1031.5567626953125 937.3998413085938 919.44091796875 1028.581298828125 1153.248291015625 1270.166748046875 1325.0426025390625 1330.211669921875 1309.944091796875 1226.923583984375 1195.294189453125 1290.2633056640625 1279.3134765625 1284.7579345703125 1328.4041748046875 1310.1728515625 1283.1865234375 1369.091552734375 1503.5096435546875 1544.625732421875 1466.4976806640625 1444.5316162109375 1409.8831787109375 1389.18603515625 1393.7276611328125 1352.3995361328125 1262.139892578125 1200.484375 1145.857666015625 1206.4453125 1315.5020751953125 1366.3045654296875 1299.3717041015625 1277.0087890625 1292.5860595703125 1285.8729248046875 1313.818115234375 1328.78662109375
905.2664184570312 905.2095336914062 968.779052734375 1032.56005859375 1045.2833251953125 1092.0433349609375 1070.8541259765625 944.1436157226562 889.8148193359375 980.75341796875 1118.8282470703125 1210.4156494140625 1273.1114501953125 1290.91845703125 1274.7545166015625 1253.837646484375 1196.3717041015625 1159.609375 1276.497314453125 1235.1756591796875 1235.864990234375 1242.869873046875 1241.4547119140625 1302.79150390625 1422.4560546875 1505.64794921875 1524.106689453125 1463.952392578125 1377.845947265625 1365.264892578125 1317.7557373046875 1328.1240234375 1353.6461181640625 1257.4036865234375 1163.087158203125 1135.8544921875 1248.598876953125 1332.306396484375 1399.9923095703125 1413.533447265625 1399.911376953125 1423.41064453125 1394.9078369140625 1378.5560302734375 1391.0107421875
899.6609497070312 911.8135986328125 985.8685913085938 1026.3504638671875 1042.28173828125 1080.4642333984375 1021.677978515625 890.7503051757812 933.2920532226562 1009.4852905273438 1146.028564453125 1233.7115478515625 1254.93798828125 1258.028564453125 1220.514892578125 1178.187255859375 1089.8162841796875 1145.9971923828125 1276.255615234375 1273.0745849609375 1185.628173828125 1191.9564208984375 1255.993408203125 1346.8040771484375 1428.7806396484375 1481.8333740234375 1460.2589111328125 1444.1405029296875 1384.727783203125 1317.9111328125 1283.739990234375 1302.0721435546875 1322.4356689453125 1271.4373779296875 1158.7025146484375 1133.0994873046875 1195.671875 1256.33935546875 1396.327392578125 1474.6162109375 1481.478271484375 1509.4921875 1502.4052734375 1495.22216796875 1486.7259521484375
875.7684326171875 901.216064453125 978.3621826171875 1008.9628295898438 1060.045654296875 1046.241943359375 949.2084350585938 861.5375366210938 936.2445068359375 1027.2406005859375 1116.3426513671875 1158.35400390625 1166.0283203125 1178.1678466796875 1170.5367431640625 1067.1959228515625 1047.621826171875 1155.2158203125 1272.3187255859375 1282.0462646484375 1180.1444091796875 1181.5025634765625 1256.14990234375 1337.417236328125 1414.87939453125 1453.5289306640625 1438.76953125 1406.1300048828125 1378.9100341796875 1273.43505859375 1222.9498291015625 1247.907470703125 1233.8221435546875 1229.3314208984375 1139.9359130859375 1103.2071533203125 1168.217041015625 1264.8760986328125 1400.155029296875 1481.5418701171875 1519.61669921875 1548.6142578125 1566.6741943359375 1590.100341796875 1610.67236328125
