test/test.asc
ncols         340
nrows         380
xllcorner     987437.5
yllcorner     6293887.5
cellsize      200.0
NODATA_value  -9999
[rows 140 to 159 of 380, columns 180 to 224 of 340]
1626.1590576171875 1479.9521484375 1340.7596435546875 1231.6480712890625 1145.7440185546875 1220.3084716796875 1315.0433349609375 1386.75927734375 1499.7537841796875 1626.2706298828125 1644.06640625 1636.5882568359375 1653.128173828125 1681.237548828125 1698.2818603515625 1643.391845703125 1563.03515625 1469.0272216796875 1376.0111083984375 1284.5068359375 1180.4737548828125 1028.9620361328125 868.4265747070312 703.7117309570312 586.58251953125 708.9568481445312 877.9798583984375 1035.443603515625 1165.9024658203125 1248.8460693359375 1311.3983154296875 1402.9473876953125 1518.401123046875 1621.6929931640625 1751.04638671875 1898.287841796875 1990.404052734375 2046.544189453125 2047.1153564453125 2093.038330078125 2082.559326171875 2064.016357421875 2050.828369140625 2026.688232421875 2000.5535888671875
1719.7503662109375 1622.5584716796875 1464.88134765625 1341.0155029296875 1176.0457763671875 1117.1199951171875 1188.2818603515625 1287.9345703125 1404.0401611328125 1554.5230712890625 1548.9508056640625 1493.8656005859375 1497.6768798828125 1537.8360595703125 1603.97119140625 1622.5009765625 1570.5340576171875 1475.7706298828125 1374.5948486328125 1257.3070068359375 1140.9251708984375 1030.4248046875 888.3942260742188 706.6152954101562 576.1702880859375 652.5328369140625 792.7271728515625 948.6207885742188 1094.303466796875 1183.0155029296875 1283.67529296875 1421.4046630859375 1548.9989013671875 1656.72314453125 1765.411865234375 1812.96728515625 1859.275146484375 1937.5614013671875 1945.74267578125 2039.645751953125 2092.214111328125 2056.314453125 2016.65380859375 1973.4122314453125 1937.8966064453125
1716.2261962890625 1670.3397216796875 1553.475830078125 1384.204833984375 1231.7186279296875 1083.1478271484375 1098.1856689453125 1256.3040771484375 1361.1524658203125 1462.30224609375 1485.8145751953125 1399.8453369140625 1367.10595703125 1413.31298828125 1448.665283203125 1499.8553466796875 1521.6859130859375 1466.74365234375 1370.4276123046875 1282.51904296875 1181.2672119140625 1057.4647216796875 934.4411010742188 768.4246826171875 633.255615234375 574.2090454101562 688.0790405273438 852.0443725585938 1014.6796875 1118.9805908203125 1243.2244873046875 1385.3857421875 1523.9505615234375 1641.0645751953125 1688.3916015625 1680.9298095703125 1766.567138671875 1792.5743408203125 1837.209716796875 1952.68017578125 2050.360107421875 2078.184814453125 2032.291259765625 1986.793701171875 1915.9981689453125
1667.3345947265625 1664.1279296875 1522.25390625 1366.9556884765625 1233.0858154296875 1059.1885986328125 1053.16015625 1171.3531494140625 1274.7919921875 1350.03369140625 1371.8736572265625 1327.426513671875 1267.47607421875 1303.9776611328125 1317.4586181640625 1352.47119140625 1379.6597900390625 1389.7093505859375 1339.2276611328125 1266.364990234375 1184.84814453125 1094.4407958984375 969.556884765625 868.2636108398438 737.1983032226562 573.7371826171875 632.3340454101562 813.1734619140625 920.4368896484375 1036.5926513671875 1191.4503173828125 1343.45751953125 1496.1109619140625 1549.035888671875 1531.0631103515625 1560.11083984375 1663.846923828125 1663.3416748046875 1759.735595703125 1855.9599609375 1974.796142578125 2055.265380859375 2040.778076171875 1977.1925048828125 1929.7103271484375
1568.8963623046875 1586.1815185546875 1496.080322265625 1335.9287109375 1208.50146484375 1071.7911376953125 980.1138916015625 1048.978271484375 1153.052490234375 1236.90625 1235.43212890625 1219.719482421875 1149.0059814453125 1171.58642578125 1202.748779296875 1210.256591796875 1244.6148681640625 1253.140625 1258.254638671875 1195.5697021484375 1120.0201416015625 1038.0361328125 936.9260864257812 851.5999755859375 732.265625 575.8573608398438 578.1526489257812 705.2334594726562 837.263427734375 993.5175170898438 1163.6949462890625 1337.490966796875 1428.1083984375 1386.4512939453125 1363.1298828125 1483.6387939453125 1543.4027099609375 1567.6121826171875 1653.525146484375 1779.4603271484375 1920.3494873046875 2001.604248046875 2000.120361328125 1963.8665771484375 1905.2801513671875
1450.771240234375 1455.608154296875 1451.6292724609375 1379.97412109375 1268.722900390625 1157.059814453125 1028.763916015625 941.59423828125 1002.9601440429688 1104.2314453125 1099.368408203125 1100.70263671875 1087.8798828125 1031.9781494140625 1071.549072265625 1077.4046630859375 1105.2696533203125 1140.4228515625 1179.1053466796875 1134.751220703125 1077.7188720703125 1010.6493530273438 918.717529296875 811.7357788085938 704.50390625 596.5254516601562 531.4099731445312 650.71826171875 812.2970581054688 1048.1072998046875 1211.35107421875 1269.54931640625 1253.9697265625 1238.5362548828125 1241.1668701171875 1361.583740234375 1403.5885009765625 1466.6011962890625 1565.5040283203125 1713.2879638671875 1869.512939453125 1937.0848388671875 1914.080322265625 1907.4368896484375 1897.9371337890625
1364.1044921875 1334.8916015625 1317.80224609375 1281.333251953125 1204.97412109375 1163.9056396484375 1123.9315185546875 1010.498779296875 917.4404907226562 938.3641967773438 943.26171875 956.4131469726562 978.6685791015625 880.4863891601562 890.559814453125 963.18798828125 965.9564208984375 1059.30908203125 1107.947509765625 1044.4146728515625 976.2867431640625 938.7906494140625 889.3218994140625 792.6788940429688 694.3048706054688 605.8445434570312 527.0549926757812 644.9609375 805.0029907226562 1008.3031005859375 1106.8284912109375 1098.5126953125 1058.653564453125 1089.8392333984375 1141.1868896484375 1220.8314208984375 1317.521728515625 1414.06884765625 1544.84912109375 1688.588134765625 1852.3565673828125 1907.7254638671875 1837.4013671875 1802.84716796875 1803.5291748046875
1434.0501708984375 1341.8924560546875 1284.8236083984375 1279.38818359375 1288.54833984375 1279.64990234375 1221.8765869140625 1118.538330078125 992.309814453125 945.6094970703125 905.078125 843.0565795898438 822.5020141601562 810.0031127929688 782.5320434570312 818.87548828125 840.9615478515625 950.4171752929688 986.3023681640625 915.451416015625 851.9728393554688 804.154052734375 821.7268676757812 728.05419921875 633.3359375 525.9703369140625 533.3465576171875 685.3267211914062 845.7145385742188 934.1123657226562 952.7862548828125 940.3953247070312 943.26220703125 1026.9234619140625 1136.44921875 1221.4697265625 1324.005126953125 1442.219970703125 1578.7498779296875 1713.2926025390625 1859.3807373046875 1888.93994140625 1827.83642578125 1737.1065673828125 1665.622802734375
1452.2724609375 1389.7281494140625 1327.7132568359375 1384.245361328125 1386.4549560546875 1313.060302734375 1206.017333984375 1098.36572265625 1090.13134765625 1100.6187744140625 1054.13330078125 1017.1826782226562 945.6732788085938 946.7111206054688 864.4779663085938 801.9968872070312 745.6603393554688 795.7242431640625 844.4107666015625 786.375 679.97607421875 671.4784545898438 737.8065795898438 674.8292236328125 579.73779296875 508.8684387207031 543.5731201171875 710.6487426757812 768.6045532226562 783.35546875 821.7757568359375 874.7420043945312 986.350341796875 1113.114990234375 1215.0006103515625 1305.417236328125 1378.300048828125 1502.700439453125 1634.1812744140625 1740.849365234375 1802.20849609375 1778.7813720703125 1750.1004638671875 1705.0369873046875 1623.3441162109375
1470.5809326171875 1378.2479248046875 1414.350341796875 1491.0806884765625 1400.801513671875 1247.3251953125 1143.47265625 1155.518798828125 1214.14599609375 1248.2589111328125 1190.0318603515625 1126.7344970703125 1100.719970703125 1110.7369384765625 1016.75732421875 914.6845092773438 807.2506103515625 711.169677734375 692.0284423828125 666.7476806640625 684.9095458984375 630.3123168945312 619.5853271484375 612.3417358398438 508.5729675292969 486.5459289550781 543.1493530273438 613.0488891601562 652.7965698242188 809.765625 908.05859375 962.0653076171875 1040.9217529296875 1160.9527587890625 1290.3236083984375 1378.2626953125 1465.6429443359375 1587.0548095703125 1678.0361328125 1677.3846435546875 1655.43994140625 1616.914794921875 1598.96044921875 1602.2532958984375 1561.3583984375
1445.73486328125 1431.359375 1491.4508056640625 1508.4630126953125 1397.6160888671875 1255.33984375 1146.4615478515625 1231.4007568359375 1332.41357421875 1383.374267578125 1341.53955078125 1258.2794189453125 1297.9560546875 1261.1298828125 1103.3824462890625 967.8746948242188 861.34033203125 772.3203125 786.598876953125 761.50830078125 806.3272094726562 704.8521728515625 576.7979736328125 541.3560791015625 557.5123291015625 504.5693664550781 494.10626220703125 577.037353515625 693.40673828125 846.65625 957.7005004882812 1023.4459228515625 1102.413330078125 1198.6644287109375 1293.540771484375 1342.1416015625 1449.37939453125 1576.114013671875 1595.43115234375 1551.3455810546875 1506.481201171875 1465.884521484375 1466.2808837890625 1525.0736083984375 1497.9024658203125
1427.7451171875 1451.231201171875 1497.3868408203125 1470.2801513671875 1360.694580078125 1251.32421875 1207.95263671875 1239.7615966796875 1335.965576171875 1443.5556640625 1416.02197265625 1365.165283203125 1409.946533203125 1280.9195556640625 1154.944091796875 1016.7901611328125 862.9718627929688 837.622802734375 925.302001953125 912.4920043945312 901.6759643554688 751.4173583984375 647.7945556640625 624.8782958984375 617.6412353515625 515.9640502929688 511.3329772949219 610.7079467773438 722.1495361328125 834.21875 944.1585693359375 1035.2606201171875 1079.1048583984375 1115.5201416015625 1171.4346923828125 1253.0830078125 1384.0504150390625 1498.3282470703125 1498.29638671875 1438.232666015625 1376.595458984375 1331.96923828125 1348.356201171875 1425.9261474609375 1420.8720703125
1474.464599609375 1478.4454345703125 1449.05224609375 1389.5211181640625 1296.947021484375 1238.9942626953125 1287.5645751953125 1326.3531494140625 1360.9346923828125 1473.19287109375 1493.561279296875 1473.6912841796875 1438.235595703125 1348.26904296875 1212.072021484375 1022.892822265625 881.295166015625 911.3187255859375 1045.6876220703125 1068.510986328125 997.05810546875 878.5979614257812 793.4243774414062 724.5618896484375 595.9212646484375 485.53765869140625 552.513916015625 616.1243896484375 712.7090454101562 823.5963745117188 911.4578247070312 956.4654541015625 966.5265502929688 1019.1187744140625 1089.9317626953125 1207.1624755859375 1307.6331787109375 1395.671875 1413.854736328125 1337.7059326171875 1256.4964599609375 1211.8392333984375 1217.7099609375 1317.3265380859375 1314.61962890625
1533.80859375 1500.9359130859375 1369.3721923828125 1298.571044921875 1281.7066650390625 1290.50048828125 1311.04833984375 1394.8092041015625 1446.1627197265625 1527.096923828125 1588.48095703125 1577.7852783203125 1500.3154296875 1428.8509521484375 1278.9898681640625 1074.6075439453125 944.6439208984375 980.4181518554688 1119.3218994140625 1139.6949462890625 1060.5780029296875 983.8900146484375 841.35498046875 712.9784545898438 587.6576538085938 502.08282470703125 477.8209533691406 554.5804443359375 664.6073608398438 735.3204956054688 799.5667114257812 833.5189208984375 874.8602905273438 947.3798217773438 1058.7861328125 1148.00146484375 1251.4569091796875 1340.9967041015625 1324.0457763671875 1239.7308349609375 1170.9720458984375 1108.8951416015625 1088.6339111328125 1185.2425537109375 1194.31982421875
1594.412353515625 1459.21484375 1335.3375244140625 1296.4100341796875 1366.900146484375 1365.713623046875 1334.3297119140625 1413.829345703125 1507.01611328125 1598.4241943359375 1680.342041015625 1672.5521240234375 1593.350830078125 1427.2060546875 1279.2769775390625 1130.743896484375 1096.31298828125 1069.7685546875 1185.3338623046875 1187.634033203125 1125.0474853515625 1028.977294921875 875.5259399414062 730.4476318359375 624.9556274414062 594.65673828125 530.755126953125 481.9229736328125 570.7435913085938 618.338134765625 671.10595703125 755.640625 857.997802734375 982.3340454101562 1107.9197998046875 1181.4091796875 1261.424072265625 1293.4923095703125 1244.964111328125 1171.1251220703125 1111.3338623046875 1040.82958984375 1004.35107421875 1087.1954345703125 1075.1641845703125
1578.936279296875 1429.5482177734375 1320.397705078125 1366.2684326171875 1392.2373046875 1439.8359375 1395.53759765625 1456.7193603515625 1560.556396484375 1677.849853515625 1769.90478515625 1736.1279296875 1587.7109375 1433.5120849609375 1311.7911376953125 1219.7066650390625 1244.8397216796875 1212.6630859375 1243.78564453125 1197.903564453125 1119.0787353515625 1051.517822265625 922.9603271484375 828.0921630859375 765.2553100585938 716.9295043945312 589.2332763671875 467.5831298828125 521.2711181640625 634.4820556640625 740.9207763671875 845.251708984375 922.7196655273438 998.95263671875 1062.785888671875 1113.528564453125 1171.56396484375 1199.2188720703125 1209.1658935546875 1134.5009765625 1037.0352783203125 989.73779296875 951.591552734375 975.079345703125 950.4131469726562
1534.858154296875 1405.1131591796875 1338.39501953125 1455.7222900390625 1453.623291015625 1490.2674560546875 1469.1373291015625 1527.7359619140625 1615.9146728515625 1726.087158203125 1824.625732421875 1735.0770263671875 1602.0831298828125 1479.025146484375 1389.2222900390625 1362.256591796875 1408.0721435546875 1389.6199951171875 1334.681396484375 1244.5992431640625 1112.0262451171875 1006.3681030273438 949.307373046875 888.9490356445312 828.098876953125 707.6253051757812 517.219970703125 476.12109375 524.2848510742188 661.0272216796875 715.7103271484375 798.0923461914062 888.1871948242188 915.8117065429688 929.0714111328125 1003.7434692382812 1057.4820556640625 1141.8978271484375 1138.882080078125 1110.512939453125 1039.539794921875 927.251220703125 903.7684326171875 880.21875 835.951904296875
1487.6502685546875 1388.5535888671875 1367.8990478515625 1501.7713623046875 1539.3037109375 1540.7928466796875 1546.980224609375 1597.3619384765625 1685.207763671875 1793.6251220703125 1866.608154296875 1806.096435546875 1689.1998291015625 1598.28515625 1561.0479736328125 1549.734375 1551.64892578125 1476.31640625 1372.501220703125 1264.223876953125 1155.2579345703125 989.420166015625 852.7545166015625 785.6152954101562 724.1217041015625 665.0050048828125 637.7913818359375 550.29638671875 469.6256103515625 531.911376953125 590.0800170898438 720.3753051757812 777.4243774414062 789.3843994140625 801.7457885742188 848.5912475585938 977.575439453125 1086.9395751953125 1076.4447021484375 1003.6599731445312 985.2301635742188 904.609375 840.6631469726562 810.6229858398438 808.53173828125
1463.8369140625 1473.911865234375 1401.04296875 1519.509521484375 1597.267822265625 1614.82666015625 1651.373779296875 1699.012451171875 1762.1890869140625 1856.647705078125 1864.2249755859375 1788.1201171875 1752.6990966796875 1718.876708984375 1672.336669921875 1594.9739990234375 1521.728759765625 1450.1895751953125 1343.1741943359375 1241.166748046875 1117.9560546875 962.7532958984375 879.6196899414062 848.7330932617188 800.349853515625 775.6810913085938 734.365478515625 630.93310546875 545.123779296875 459.8522033691406 527.4126586914062 640.7745361328125 637.2806396484375 645.592041015625 705.9367065429688 806.11279296875 928.8534545898438 1078.0081787109375 1031.3729248046875 930.8971557617188 884.9595336914062 861.5926513671875 812.7879638671875 774.0962524414062 782.830322265625
1574.426513671875 1550.665771484375 1457.13916015625 1541.1524658203125 1609.997314453125 1691.86767578125 1744.400634765625 1808.619873046875 1848.368896484375 1859.7745361328125 1823.89306640625 1790.1199951171875 1706.0718994140625 1643.3343505859375 1622.8746337890625 1543.2451171875 1443.4962158203125 1390.5396728515625 1285.751220703125 1187.358154296875 1077.6658935546875 969.9238891601562 1013.4202880859375 1010.8489379882812 924.6201782226562 905.9695434570312 811.3178100585938 737.9562377929688 630.6904907226562 475.217041015625 496.0885925292969 530.278564453125 598.4793701171875 689.234375 757.639404296875 870.041259765625 990.6404418945312 1028.588134765625 956.6035766601562 877.2776489257812 787.9815673828125 767.3428344726562 752.6451416015625 740.400146484375 797.919189453125
