test/test.asc
ncols         340
nrows         380
xllcorner     987437.5
yllcorner     6293887.5
cellsize      200.0
NODATA_value  -9999
[rows 120 to 139 of 380, columns 135 to 179 of 340]
2026.743408203125 2111.26806640625 2213.922607421875 2251.44775390625 2258.1064453125 2296.885986328125 2359.90771484375 2401.775146484375 2402.214599609375 2446.769775390625 2436.698974609375 2408.803955078125 2369.269287109375 2339.238525390625 2310.649169921875 2193.886474609375 2098.617919921875 2051.7783203125 2031.9044189453125 2000.74560546875 2005.225830078125 2013.8504638671875 2026.767333984375 1961.1754150390625 1871.94287109375 1897.9873046875 1930.4976806640625 1900.64599609375 1876.52294921875 1816.4659423828125 1742.2386474609375 1709.8824462890625 1739.2939453125 1723.552490234375 1846.552978515625 1873.009033203125 1929.424072265625 2013.26904296875 2049.73681640625 2019.506591796875 2032.9898681640625 2018.6591796875 2019.2286376953125 1988.18896484375 1948.1329345703125
2070.713134765625 2128.0478515625 2203.657470703125 2240.710693359375 2247.98779296875 2241.551513671875 2217.7158203125 2221.0537109375 2224.638916015625 2328.53515625 2404.186279296875 2446.99365234375 2426.697509765625 2404.699951171875 2384.90673828125 2284.823974609375 2176.533447265625 2105.148681640625 2044.4334716796875 1993.451904296875 1944.93603515625 1946.8951416015625 1977.154052734375 1934.4190673828125 1855.0400390625 1849.4698486328125 1861.077392578125 1837.268310546875 1819.66064453125 1766.2950439453125 1711.4263916015625 1669.0509033203125 1659.4144287109375 1647.1419677734375 1693.27099609375 1704.146240234375 1790.8125 1904.767333984375 1912.5238037109375 1927.38330078125 2008.542236328125 2053.804931640625 2107.708984375 2059.998291015625 1998.680908203125
2070.421142578125 2117.632568359375 2178.598876953125 2222.930419921875 2206.056640625 2127.398681640625 2100.004638671875 2079.462158203125 2069.41552734375 2125.631103515625 2266.961181640625 2422.726318359375 2457.625 2444.3701171875 2417.776611328125 2372.681884765625 2289.142578125 2230.181640625 2147.77685546875 2082.4306640625 1995.6834716796875 1907.360107421875 1881.575927734375 1857.5185546875 1820.9814453125 1803.5172119140625 1808.366455078125 1789.30859375 1760.84716796875 1722.6361083984375 1686.499267578125 1665.8614501953125 1633.4501953125 1607.4267578125 1586.815673828125 1583.76416015625 1658.9100341796875 1798.40087890625 1744.3126220703125 1788.8848876953125 1914.8865966796875 2018.9525146484375 2140.193359375 2103.057861328125 2030.55029296875
2055.43115234375 2134.818115234375 2201.5595703125 2214.58447265625 2131.61474609375 2048.184814453125 2046.8963623046875 1992.100341796875 1988.5302734375 2062.56689453125 2142.9521484375 2248.53369140625 2364.706298828125 2419.720947265625 2423.28369140625 2380.535400390625 2307.80615234375 2254.237548828125 2189.572265625 2136.098876953125 2078.823974609375 1977.7957763671875 1898.90576171875 1873.1396484375 1869.2401123046875 1831.0509033203125 1782.5323486328125 1758.7523193359375 1737.62451171875 1715.8040771484375 1722.66162109375 1702.6246337890625 1682.3712158203125 1658.2835693359375 1670.1629638671875 1607.03125 1548.60693359375 1595.65771484375 1628.9449462890625 1781.8189697265625 1922.53125 2027.2811279296875 2127.522705078125 2121.130126953125 2120.7548828125
2069.71533203125 2160.999267578125 2221.260498046875 2169.9794921875 2044.936279296875 1958.165771484375 1931.033447265625 1901.3597412109375 1957.981689453125 2004.8167724609375 2029.1505126953125 2100.803955078125 2227.0185546875 2387.93701171875 2393.174072265625 2354.387451171875 2290.767578125 2240.0595703125 2198.007568359375 2148.46875 2125.562255859375 2069.964599609375 1976.16162109375 1975.9959716796875 1979.947021484375 1930.9803466796875 1857.5322265625 1804.02734375 1782.5408935546875 1772.9771728515625 1801.578125 1761.963623046875 1725.75 1721.671875 1762.94921875 1724.5662841796875 1598.6964111328125 1510.1556396484375 1591.5579833984375 1735.9803466796875 1864.74072265625 2009.39794921875 2061.599609375 2096.26220703125 2182.044921875
2066.046142578125 2113.087890625 2152.40771484375 2131.573974609375 2025.0467529296875 1921.2152099609375 1795.6524658203125 1771.7197265625 1898.8909912109375 1943.3792724609375 1934.2537841796875 2040.8699951171875 2175.99755859375 2312.99560546875 2323.26513671875 2307.806640625 2267.851318359375 2217.697265625 2156.641357421875 2078.150390625 2099.9150390625 2089.2587890625 2054.444091796875 2030.6634521484375 1980.928466796875 1949.7255859375 1950.9791259765625 1921.0582275390625 1882.7501220703125 1842.7947998046875 1886.63671875 1836.47265625 1784.978759765625 1751.724365234375 1773.6824951171875 1783.6995849609375 1669.780029296875 1502.8896484375 1523.0062255859375 1670.7802734375 1824.0400390625 1975.0230712890625 1983.2896728515625 2062.945556640625 2164.891357421875
1957.911865234375 1983.2384033203125 2024.3846435546875 2073.80419921875 2044.6072998046875 1925.225341796875 1772.36279296875 1727.7784423828125 1854.173583984375 1848.3392333984375 1896.2115478515625 2002.8902587890625 2101.125732421875 2220.44091796875 2229.062255859375 2230.0673828125 2215.767333984375 2174.273681640625 2109.225830078125 1970.3355712890625 1981.9368896484375 2016.5546875 2049.36767578125 2052.048583984375 1946.512939453125 1901.7431640625 1977.490966796875 1990.1295166015625 1971.7314453125 1930.8511962890625 1964.4378662109375 1906.8533935546875 1816.3006591796875 1729.9749755859375 1675.24169921875 1714.293701171875 1637.4083251953125 1516.5335693359375 1469.6129150390625 1612.4849853515625 1742.18603515625 1877.5272216796875 1910.7098388671875 2023.3525390625 2125.258544921875
1849.7049560546875 1897.8677978515625 1939.759521484375 2009.9417724609375 1982.2449951171875 1890.477783203125 1754.9122314453125 1669.7216796875 1765.282958984375 1776.13525390625 1885.9102783203125 1977.6468505859375 2056.93994140625 2161.21630859375 2157.93212890625 2168.43408203125 2159.440673828125 2061.45556640625 2020.8118896484375 1925.9434814453125 1870.743896484375 1914.58056640625 2004.43505859375 2000.6763916015625 1905.6865234375 1844.0791015625 1875.904541015625 1869.2227783203125 1933.5213623046875 1949.803955078125 1960.260009765625 1886.348388671875 1817.486572265625 1726.6907958984375 1639.7049560546875 1606.5953369140625 1586.7735595703125 1498.035888671875 1438.4638671875 1553.4051513671875 1674.3460693359375 1759.878173828125 1827.501708984375 1963.365478515625 2061.47900390625
1772.5574951171875 1812.1243896484375 1872.7713623046875 1955.8707275390625 1913.3648681640625 1824.610595703125 1713.1776123046875 1634.5721435546875 1698.541259765625 1759.6717529296875 1853.14599609375 1939.083251953125 2001.1934814453125 2057.300048828125 2040.55517578125 2076.990478515625 2086.440673828125 1964.38037109375 1885.7049560546875 1854.38525390625 1802.9259033203125 1858.65576171875 1952.6309814453125 1952.7197265625 1859.323486328125 1791.7174072265625 1777.4024658203125 1805.91845703125 1854.0120849609375 1908.689208984375 1935.6058349609375 1818.1904296875 1716.3603515625 1643.78662109375 1607.0355224609375 1567.57958984375 1515.9254150390625 1505.8612060546875 1433.2225341796875 1446.0640869140625 1589.4129638671875 1653.9285888671875 1747.091552734375 1857.0098876953125 1948.14013671875
1707.7691650390625 1746.014892578125 1839.86669921875 1893.926513671875 1848.1920166015625 1753.9100341796875 1650.116455078125 1621.213134765625 1649.3829345703125 1710.7884521484375 1785.439697265625 1850.8380126953125 1936.7520751953125 1952.4940185546875 1934.375732421875 1984.0194091796875 2008.1387939453125 1932.96435546875 1831.4732666015625 1767.580322265625 1753.8375244140625 1824.2606201171875 1907.099365234375 1868.9549560546875 1800.5792236328125 1727.49951171875 1763.9599609375 1854.0201416015625 1903.4676513671875 1942.6246337890625 1958.557373046875 1841.749267578125 1741.72314453125 1667.7996826171875 1601.4415283203125 1546.5177001953125 1497.2750244140625 1464.3426513671875 1443.3031005859375 1403.3436279296875 1439.8070068359375 1559.6795654296875 1637.439697265625 1713.67919921875 1862.0528564453125
1636.29345703125 1707.92822265625 1783.921875 1786.4632568359375 1761.54150390625 1699.0994873046875 1577.549560546875 1588.61767578125 1607.060791015625 1670.1273193359375 1717.64404296875 1773.32763671875 1849.3465576171875 1892.30224609375 1868.010986328125 1908.6278076171875 1956.215576171875 1901.1837158203125 1818.600830078125 1731.3731689453125 1708.1246337890625 1786.8414306640625 1852.7574462890625 1784.1322021484375 1719.42578125 1691.2421875 1784.4034423828125 1846.9256591796875 1859.1959228515625 1911.188720703125 1971.6494140625 1891.5692138671875 1815.2001953125 1741.338134765625 1658.2869873046875 1575.939208984375 1550.3271484375 1544.4393310546875 1483.0972900390625 1402.6754150390625 1377.454345703125 1457.086669921875 1538.08251953125 1637.225830078125 1785.6707763671875
1577.974853515625 1663.98876953125 1693.193603515625 1680.5535888671875 1607.6505126953125 1561.0987548828125 1524.9476318359375 1557.9814453125 1623.737548828125 1666.608154296875 1701.9334716796875 1758.2049560546875 1824.535888671875 1834.10791015625 1818.2322998046875 1854.0223388671875 1887.7713623046875 1844.00048828125 1760.7679443359375 1683.0853271484375 1703.426513671875 1794.69384765625 1802.3466796875 1737.1444091796875 1657.0213623046875 1659.107666015625 1710.9261474609375 1735.552001953125 1776.074951171875 1865.7852783203125 1964.0308837890625 1962.635009765625 1889.24609375 1758.2276611328125 1644.841552734375 1636.07421875 1681.640380859375 1664.00537109375 1574.171630859375 1449.9847412109375 1355.574951171875 1398.7880859375 1485.9005126953125 1577.947998046875 1684.49951171875
1504.9066162109375 1551.45947265625 1548.498779296875 1528.3460693359375 1482.1728515625 1483.2635498046875 1550.1048583984375 1652.2962646484375 1714.5296630859375 1755.714111328125 1779.63037109375 1793.2908935546875 1784.992919921875 1774.0579833984375 1792.378173828125 1835.0960693359375 1821.38330078125 1820.7088623046875 1737.53564453125 1650.08154296875 1714.0009765625 1798.4674072265625 1756.361572265625 1678.8154296875 1619.734375 1608.200439453125 1645.7503662109375 1682.778076171875 1731.58642578125 1808.2362060546875 1927.23876953125 1970.2110595703125 1885.90478515625 1783.2398681640625 1737.1103515625 1783.05615234375 1757.81689453125 1688.9105224609375 1604.0975341796875 1513.8438720703125 1382.4708251953125 1349.0919189453125 1426.6611328125 1491.2152099609375 1556.2601318359375
1413.7095947265625 1427.9644775390625 1421.5357666015625 1420.006103515625 1444.34326171875 1547.15185546875 1672.897705078125 1760.30615234375 1813.9879150390625 1863.4022216796875 1858.7493896484375 1809.938232421875 1743.4251708984375 1727.532958984375 1765.57861328125 1758.2188720703125 1731.537841796875 1768.1092529296875 1739.3348388671875 1634.9124755859375 1641.05517578125 1700.2366943359375 1691.8017578125 1621.3682861328125 1572.9837646484375 1608.2529296875 1685.9859619140625 1758.2406005859375 1809.5379638671875 1882.127685546875 1910.665283203125 1879.2032470703125 1891.33251953125 1855.2386474609375 1861.74755859375 1831.2198486328125 1777.1712646484375 1747.732666015625 1673.0289306640625 1539.1448974609375 1438.4615478515625 1358.9691162109375 1322.0020751953125 1390.2388916015625 1450.843017578125
1362.7347412109375 1368.282958984375 1410.0528564453125 1480.2445068359375 1537.7108154296875 1552.72412109375 1630.532958984375 1737.8115234375 1866.0701904296875 1939.6429443359375 1912.4139404296875 1840.7457275390625 1749.117919921875 1680.67236328125 1676.2618408203125 1658.3314208984375 1646.591552734375 1670.6917724609375 1680.9931640625 1673.6060791015625 1610.9495849609375 1594.0185546875 1605.3560791015625 1564.0465087890625 1568.5023193359375 1656.575439453125 1714.54150390625 1803.440185546875 1883.0418701171875 1913.173583984375 1859.893798828125 1778.637939453125 1838.901611328125 1885.4637451171875 1889.6226806640625 1854.0096435546875 1812.2115478515625 1745.5194091796875 1706.4041748046875 1616.0076904296875 1555.4844970703125 1452.1845703125 1365.57958984375 1312.210205078125 1367.7891845703125
1366.438232421875 1480.3338623046875 1540.123779296875 1609.45654296875 1651.649169921875 1705.359375 1744.306884765625 1798.3292236328125 1895.07763671875 1948.8521728515625 1905.899169921875 1827.6123046875 1746.7166748046875 1672.0675048828125 1640.509521484375 1626.24169921875 1608.28271484375 1595.2230224609375 1576.6190185546875 1590.9996337890625 1619.77880859375 1579.53125 1542.6641845703125 1529.14453125 1581.854248046875 1635.1256103515625 1704.5330810546875 1775.4508056640625 1841.8670654296875 1853.6751708984375 1802.9688720703125 1734.8668212890625 1757.653564453125 1809.862548828125 1880.6998291015625 1899.8214111328125 1820.60595703125 1784.3369140625 1723.26171875 1692.7490234375 1656.7308349609375 1578.95751953125 1444.4095458984375 1328.942626953125 1279.780029296875
1448.1160888671875 1579.3895263671875 1660.0469970703125 1721.6578369140625 1760.7623291015625 1819.1448974609375 1876.9898681640625 1906.24755859375 1882.2025146484375 1874.7099609375 1856.3770751953125 1786.5230712890625 1727.05126953125 1691.1240234375 1688.221923828125 1690.81982421875 1682.25830078125 1671.9075927734375 1622.077392578125 1559.487060546875 1574.4981689453125 1594.1597900390625 1551.381591796875 1508.313720703125 1604.432861328125 1694.9119873046875 1730.392822265625 1748.256103515625 1776.178466796875 1779.422607421875 1746.957763671875 1695.2923583984375 1709.670654296875 1779.6356201171875 1881.596923828125 1937.91796875 1861.5628662109375 1799.0606689453125 1789.0738525390625 1772.83740234375 1731.1248779296875 1618.7105712890625 1513.25927734375 1436.59619140625 1335.7283935546875
1547.274169921875 1683.1707763671875 1763.3128662109375 1828.2447509765625 1873.0843505859375 1895.122314453125 1900.301513671875 1857.783935546875 1798.809326171875 1780.7327880859375 1771.301025390625 1747.5997314453125 1744.7984619140625 1757.084228515625 1757.36865234375 1752.6448974609375 1735.1390380859375 1710.5489501953125 1654.73779296875 1599.7991943359375 1530.4921875 1566.66796875 1549.680908203125 1496.7177734375 1604.182373046875 1703.5450439453125 1702.225830078125 1706.31494140625 1735.1573486328125 1735.7745361328125 1694.93359375 1667.4959716796875 1700.326416015625 1781.9609375 1863.727783203125 1912.8359375 1883.073486328125 1821.0679931640625 1793.8929443359375 1789.59375 1767.0567626953125 1690.622802734375 1586.2755126953125 1531.7930908203125 1456.548095703125
1547.9119873046875 1651.697998046875 1717.7696533203125 1797.6971435546875 1836.7861328125 1838.952392578125 1824.428466796875 1782.4052734375 1728.58203125 1711.7740478515625 1709.0048828125 1772.0501708984375 1826.57763671875 1831.4312744140625 1816.33642578125 1783.6337890625 1731.1517333984375 1696.25439453125 1625.6898193359375 1566.31591796875 1507.7130126953125 1508.6588134765625 1517.1829833984375 1486.7451171875 1614.0845947265625 1677.11572265625 1647.16650390625 1689.588623046875 1722.9798583984375 1690.51123046875 1654.01611328125 1640.004638671875 1683.669189453125 1767.53076171875 1834.7769775390625 1852.873291015625 1827.2584228515625 1791.8580322265625 1751.2008056640625 1771.2086181640625 1733.842041015625 1663.0645751953125 1591.1685791015625 1523.0704345703125 1487.2613525390625
1663.4462890625 1721.774169921875 1728.6231689453125 1752.7188720703125 1784.5223388671875 1776.817626953125 1747.84228515625 1741.324951171875 1695.360107421875 1670.048095703125 1699.227783203125 1784.24072265625 1867.044189453125 1893.217529296875 1857.512451171875 1791.6383056640625 1718.3583984375 1649.3270263671875 1574.665283203125 1519.7410888671875 1524.0006103515625 1497.2415771484375 1474.459716796875 1473.35888671875 1578.940185546875 1638.8162841796875 1610.4091796875 1647.2503662109375 1694.5272216796875 1668.5545654296875 1651.9501953125 1621.5401611328125 1679.8751220703125 1749.731201171875 1768.7474365234375 1787.9306640625 1761.8023681640625 1726.4239501953125 1722.5452880859375 1750.553955078125 1742.65673828125 1698.385986328125 1645.4788818359375 1593.7415771484375 1535.4473876953125
