notebooks/.ipynb_checkpoints/sithas-checkpoint.asc
ncols         379
nrows         448
xllcorner     5413075.0
yllcorner     1735375.0
cellsize      50
NODATA_value  -9999
[rows 180 to 197 of 448, columns 205 to 245 of 379]
460.33723351684404 458.93605741665203 460.309350952203 466.0211951047527 473.98926992931126 478.64566625842224 477.00828929352554 470.20839369792617 459.69524505145364 446.4847998400209 431.23406877351863 418.16885180969035 407.0581494311089 396.8755930742189 387.09565795606454 375.0964070231899 363.1156536203565 353.66290402725593 343.4103660222642 336.02646693012633 349.0074504370573 364.11314386179805 393.3229311371472 427.5059860590472 448.0486604930554 470.46613826020564 490.07539521985467 507.8520646160184 528.619914759639 549.6845059090181 567.3158442340574 578.6247543935665 584.5127591425787 586.3774341240486 587.5205655810498 586.8539919869011 584.4289865408384 577.0968858286246 563.9829486599183 547.4604567571218 535.331775399518
479.1857422940154 476.1904402564546 474.21418982190755 475.2662768174524 479.1383276304532 482.1502633561714 480.64709122248297 474.36583287138853 462.9938047013088 447.77418239905467 433.7608879137117 421.21315304050813 409.2344376617544 397.7177713995227 389.46992374166695 379.0410557481375 368.7935272818804 361.91578447965685 355.2312227387624 346.20097948745877 359.32065314185195 375.7118636849781 401.65891332080355 434.51260920815315 457.89323893161054 475.9926284571759 497.97579873316386 521.6155066565925 545.3466789968883 566.9725297429209 584.9115790000486 595.7690883195601 599.2792373301918 598.6759399774737 596.6299989065571 594.0991839583932 589.6154258338054 581.4052155499152 569.4085328562269 554.3288821632325 539.2178086733845
497.10223483895476 492.8893255852911 489.3836811059015 488.1889362481456 489.60262272314344 490.2696789352392 488.770480976974 482.1340272226245 468.9758941577573 452.4675841476476 438.1599630049735 425.005862305648 414.0185670775668 401.85110017352395 392.5612125430656 384.05333998421213 375.8415721352896 369.82952321602636 366.38929605674065 361.79182470750874 370.29284286383245 386.1877279889994 406.3978278918807 434.98991435938575 463.79283856114216 488.23086939556447 504.5824963000871 529.1206161804014 558.0998653324579 581.3511462416234 600.2952986376888 610.1361921160269 611.5014726470523 609.7939866726665 606.913532580415 603.3076312519651 597.1708581243831 587.9346534373246 575.7620639979132 561.4647219161798 546.0438741537739
513.5709542299559 508.52989675470246 505.2421237495762 503.84015773217885 502.93376476746334 502.06230917492576 499.481888910119 491.94199099324885 477.31626828132977 459.5001365985459 444.1209593609028 430.84988654556287 420.2066352287181 408.72533827873144 397.4346179024962 389.2971575631966 382.96745146635897 377.7891881727413 375.5346707910935 375.6843687531971 381.1967603121477 394.6657871278654 412.0679041628465 436.1950788039156 462.8543513174029 488.2871238563658 507.3123669766009 530.6791592990027 562.1267134313447 587.2736180247474 607.3364400473071 617.5102811318634 619.9008031720098 619.263690291714 617.2372176702706 612.9838176826963 605.3456833962625 594.3117954520749 580.4499825611382 564.980370431101 549.8300900000469
531.1285650513184 526.2473929583693 523.5916739710788 522.2062763208387 519.5243471925388 515.5691491502337 509.8044854378528 501.015245183776 487.27139505366085 469.7362045753808 453.78218827641217 440.28453009723046 429.42150466341474 419.95398364762167 408.5513045444899 397.46007381866946 391.1361390176626 387.26521854307873 385.91165682254143 387.4422823989862 391.3893975486426 404.5048753956235 419.52630086109593 439.55501679228314 462.41830672644426 483.8082468492231 504.3937687016904 527.4237873494569 556.1289662311008 582.7241259034987 604.221497643646 616.957626885631 622.784613510218 624.8552842313543 623.2211152979187 618.9989160370858 611.1683267884679 599.2175769526144 583.4387590472136 566.8618607733141 553.919052786531
549.208975923943 546.2688407821529 543.6078922499057 541.5007841436202 535.7584084907235 528.1801964966204 518.9044434026835 508.4867324383205 496.9375680960526 482.7095617672371 466.92406721777706 452.8157417918557 441.4120980952814 432.7940838365878 423.7855484468925 411.9412400946578 402.2677067722914 399.44389759891374 397.7176470962986 397.04843952433 403.1568738492074 413.1530738749866 426.984606426014 443.91344493253945 463.89991296959704 483.09803168991255 502.07915089420567 521.0630935241581 543.8009965901113 570.0953441350625 593.5238857202947 610.3501170093483 620.8396003014105 625.3502021791462 625.360673593217 622.0459643621524 614.9373650884929 602.5818994907977 586.6030333281957 570.3051911677779 559.6106072870957
565.7503289866814 564.4439750480556 562.2782785218358 557.8412740152974 549.3372209777708 538.1399412586361 526.5318765810975 515.6785509724957 505.5601348166656 494.2153234879218 479.11169492195427 463.6372871122188 452.40617433093985 445.22255191784006 437.38830768594363 427.1188966104282 417.10760699396656 413.24056397171745 410.49781314345216 403.5542717439778 416.427241101263 425.83429371641614 440.73927154382443 458.3402406531961 474.6754689045773 489.29204981631136 502.10402144177505 515.9250780496748 536.0086576206747 560.9119726747922 584.6475490366572 603.9385257450987 618.9089759095182 627.5048282876207 632.9657283719631 628.3725279083997 619.6839953692934 606.698741405046 591.9140317910001 577.1413052499263 567.6197663676944
578.2302642526267 579.4371926506814 577.3096986286155 571.0541140544985 560.7097195286517 546.4059609914602 532.0227248857038 520.4860818000932 511.4382534419794 501.6132900177715 489.1951408234938 475.63883014504535 464.15633471732576 455.7260736601852 447.73769777307774 438.97753359572096 432.20884547901926 427.54658117413805 424.5123017370454 423.57895094380007 431.0696482788722 441.2201940682007 458.30184746457905 476.4379570965431 490.49465212400753 500.06317045588213 508.73469516817295 520.5030552849095 540.5346836637659 561.6163341857817 582.0368499342462 601.8453573241325 618.6012296548516 632.2857798866182 637.7343100092618 632.7673145363981 623.0549646429395 609.3253445871902 596.5553222938541 584.6346021499194 575.7692043541686
590.4192842396792 593.3286287458748 591.3197767111002 584.8607140826705 572.5030952546656 555.8320951376264 537.9693737449161 524.8287213051578 515.9603506232597 507.04906633911025 497.0380858655641 486.4625207641127 477.43251435856996 468.9356870917803 460.3361268490694 452.4543356909938 446.2271005284196 441.3322897198776 438.2298572893787 439.1312096161628 444.9931517589683 455.69932506287034 472.7006793388623 489.8845694850249 501.8300113551486 509.75211856739554 517.715140983201 527.94689342667 542.7127611808955 559.5698024221056 580.4460223025959 602.7133859536109 620.3904464852027 635.975273336558 639.9713391852879 634.9714725847036 625.3163385098317 612.2097078795287 600.7809957697024 590.889766433437 581.9059174596514
604.8588574348402 608.2977729889642 605.7153304010113 598.0615197544889 584.5272440990016 566.0224138730944 546.0849226227623 530.6193566634042 520.5478605127273 512.0318990483393 503.3565703991709 494.7984677510022 486.5736149614082 478.5453364284892 470.6838399117738 463.325632623936 457.7332258836413 452.5908812179902 450.4115427679974 451.67312236382134 457.1289451567615 466.1363518639105 480.4898094610972 495.76037876321993 507.99346344003675 517.4850344175696 526.9197164206964 535.0062975080822 544.6235925116231 557.2506124622611 580.4501886344676 605.0767015535024 625.9349602333366 641.9940775497791 644.1443787069195 638.1927337123598 627.5084842924733 615.1625096035187 605.413047168373 596.9470603821022 587.8368370153424
618.8859330179138 621.4869660699619 616.9979278299407 607.3977214622387 592.4828611311796 573.3417804830623 552.8149308309983 536.7093374987769 526.0434754975327 517.4461509586844 508.1324271237085 499.66002749542076 491.9496350457081 484.93518189422616 478.2804978409139 471.9611153171413 467.17545770161735 463.1926140785539 461.05027612513845 461.717560860258 465.2585751513735 471.9666722522278 486.265119172749 501.68821234117877 514.802329531963 525.6055996201101 535.4466040988107 543.7068179344183 552.4986448059182 563.6984850651278 583.6240083797157 608.9117369573697 632.4003678127203 647.4635610830775 648.9628197925299 642.3403781567719 631.5211654281761 620.0247491540615 611.9101681436816 603.6093857317721 595.0827551403405
630.7618498034665 631.538894346482 624.5390811381124 612.6308063543192 596.634053806672 576.6301604448316 557.2927795699648 543.2467244534769 533.1447544063791 524.1293796338188 514.0674279084543 504.77943946658223 497.23114186247136 490.95478350848305 485.5576313513009 480.7885588264958 476.9248834839586 473.7487426924567 470.9194559873764 471.5043168229992 476.04885661138746 482.8083527294456 494.567312374715 508.645111521193 522.5052560789411 534.0167877138218 544.0362785972819 553.052774193094 561.6456803640704 571.2400818901543 589.9388912603636 612.8072089277133 635.3764664007111 649.8956198510759 652.3950440670054 646.6616836748791 637.3179072925134 627.2188498750608 619.8607474735231 610.2678699799992 603.8009350333474
641.225822464799 638.9945325822463 629.0329273167283 616.195162131075 600.7581372046811 581.9026224918593 564.1834263494017 551.6658312054064 542.2557164237649 533.145227302518 522.6705920170672 512.9745846511755 505.3853366390416 500.2102024769411 495.49693858857796 491.4276210927818 487.4414516864191 483.0547676805379 480.37750896383864 482.08630727839807 487.1307877533088 493.9627548642675 503.88208288542467 516.0271728069647 529.2070803063466 541.570281080015 552.2354026330105 562.3319287335532 571.7035122126674 580.7102615068444 596.6691250148808 616.0153164001221 637.9264446509719 651.9938161910987 656.0282968429526 651.6547522384157 643.9119408191925 634.5796457401432 627.4990389291863 616.2356825848307 613.1743685464211
649.1832947752024 638.5026492186205 627.5205978463647 617.0130994280261 604.4546618902248 590.3828494685747 573.9861572853549 560.941859610221 551.9134319400171 543.8498706379003 534.3006943184407 525.2854301045415 517.9256826170054 512.1665407400868 507.26607040006957 502.5636510928525 496.3790180508 491.1996625943528 488.3069584983392 490.8377484534749 496.14203468665414 503.2433861216492 512.0601874332855 522.8025639160811 535.2522333056058 547.8781459996869 559.347725061205 570.6886701896905 581.4141080992898 590.7261034279072 605.690837014047 623.984315299689 644.8344764303031 657.2355449303652 661.1307416905397 657.8200341693848 651.2715068273534 642.6657542375128 635.5644741457082 626.6920595728268 622.256442464672
652.2967003797239 639.39329670114 629.6098443458005 619.8933288739369 608.8841089341736 599.290494861777 584.8798801830446 570.7506400633846 560.8601508018522 553.3745362283256 546.3853303971105 539.300289121175 531.9216442407228 524.5525707062682 517.5159109785836 510.8497944954995 498.70329695431735 496.36542786699863 494.1869248422951 497.6521576696307 503.8601453834706 511.2033049753643 520.0379661496003 530.0829494355827 541.7098555371518 554.2819881486581 566.0299507741498 577.9531900301388 589.9096160613492 600.8336447014683 615.682161703657 633.5204328434154 652.7544372711407 664.1570036831165 667.7613320880232 665.0273497488806 659.2679780123489 651.5768649482501 643.8422986737281 636.2584833490848 631.4845457795773
652.654833261144 641.0489152937819 630.2427128448074 620.5044544294291 611.8129658219033 605.0367132936534 593.4323773695978 579.6016416328487 569.2076650314569 562.3385232594508 557.8587017005002 552.9627368295027 544.8425280708352 535.5418883942725 526.6008564526463 515.585227268763 498.5802258032174 501.9005092426444 500.6703879437126 503.3051915267822 511.21067061968665 519.6082197620796 528.9257091528318 538.3953107111174 548.865051747183 561.1969616881523 573.3400646006116 585.9242524273911 598.770541113143 610.614824769898 624.4275971009345 641.1560482645501 658.8026080770426 671.0228110608416 675.955859380495 673.534236315914 668.2161939083899 661.5744887172186 653.4298590405697 646.2379072589084 641.4456760516094
650.3568311649376 640.1313336693602 631.6208772791306 621.6313024561077 612.5880157831067 607.5769942303964 599.7924863936034 587.9969646610807 578.110389035312 571.7564564439141 568.3957063040947 563.8883721495936 556.0015187094739 545.643759290371 534.7397680489411 523.1000214209546 515.2967129694176 510.80278923226666 509.14840820963263 510.4786909869717 518.7729491888002 528.9632201658399 538.2707503981347 548.1460242134066 558.0523067011151 569.664486166349 582.494911579083 595.9410999576742 608.8318008035537 620.3235517878386 632.7640714004107 648.1015527072267 664.6523316461919 677.8909326952158 684.6145075181817 683.711624488968 679.4002717129952 673.6030293281548 666.5121389385786 659.2674730826452 653.0826278054344
647.8874354715384 637.4305912208466 632.4646405143288 627.1933130884476 617.546639461759 611.054092661863 606.135902377814 596.0511210862494 586.7701548222484 579.7092620189329 575.9091929323918 572.0310081148615 565.4020734675628 556.1105141687224 545.1768713452558 533.8935707782448 524.9117359859279 520.7699351629021 519.4781911434296 520.3297389097363 525.3360807474401 538.4778585797739 548.0736652666458 558.7290963343828 568.5204706243417 579.1696897871432 591.8386110984078 605.283656908723 617.9194842709497 629.136060297965 640.8263617735582 655.2247671422338 671.1695274911774 685.1948769332009 693.3570955192903 694.6527178161995 691.8951440200722 686.9856212158137 680.8554895498327 673.7346881977763 666.2049971594781
