notebooks/.ipynb_checkpoints/sithas-checkpoint.asc
ncols         379
nrows         448
xllcorner     5413075.0
yllcorner     1735375.0
cellsize      50
NODATA_value  -9999
[rows 306 to 323 of 448, columns 41 to 81 of 379]
1502.5347802575964 1500.8574931092185 1499.5860051989343 1499.3609975984143 1499.7981137175987 1500.4621219890728 1500.8020843531258 1499.7204053820997 1498.0388584070702 1497.254701678808 1497.0225525766984 1497.5213105986343 1498.715362319851 1499.154225575669 1498.3348168998073 1495.9528627430363 1496.0051210503457 1498.2548431533103 1500.1458786202686 1500.5137634791747 1498.6446103413189 1497.0841516135924 1496.1517133242032 1495.7526318019154 1496.2015730702033 1497.4271512188297 1498.672896170427 1499.1776302832452 1498.9261459146726 1499.0341518763692 1499.686116081899 1500.3334441591614 1506.1451771644793 1510.856959372089 1511.0089749679646 1503.9382102930194 1488.9076266938484 1468.1258134340087 1448.5520951783035 1421.005276909404 1389.8629069918686
1499.5207590950642 1499.8261764229421 1500.5927567311724 1503.7258713736483 1506.7027433388591 1506.5720162583714 1504.7095626600778 1500.8549925706807 1497.4627961936249 1495.9494118519196 1496.093518828356 1497.1952174881615 1498.7160373851677 1499.3700530548863 1498.6655081344109 1496.232052635482 1496.3306683835328 1498.411909958677 1500.212757926851 1499.7429644932395 1496.9476900203063 1496.8735478848819 1496.7335087043566 1496.0411177673252 1496.3161139009273 1497.5975592759164 1498.9552949673403 1499.3013344898752 1499.2722567847202 1499.2889349608326 1499.4676313641776 1500.3046043156805 1503.8778400838885 1508.5466998068616 1508.1494873946224 1494.8349517521772 1474.3065025076414 1450.6197727060253 1429.4530947319981 1403.6076536202938 1375.160888832538
1500.6700939145023 1501.1446262030947 1506.0845201795646 1513.5248217904214 1517.0932881544036 1515.3707935940558 1509.9727612145866 1503.5810850091593 1498.7732958812062 1496.1317070955627 1496.367294955308 1497.2214054646677 1498.5170705202047 1499.05720388791 1498.0540552715738 1496.4413880746195 1496.7887330580052 1498.773967607332 1499.5774145282771 1497.9862223453706 1495.6058243958232 1495.9020201984072 1495.9523430515003 1496.5058730809092 1498.3430636912735 1500.1117318160134 1500.9444856317411 1499.9335113506875 1499.7109579298929 1499.9629644311574 1500.2046365126744 1503.938625871197 1506.8921912269561 1511.4183142801612 1506.928176651994 1484.6548653260495 1462.731494311363 1436.996759647794 1411.7206388066431 1387.6753896554562 1360.0407232741718
1502.7824268910776 1505.6551623565308 1513.9326560023492 1522.3468984341548 1525.7448759683657 1522.6198882656468 1515.5179335860514 1506.7361135247777 1499.5611187684278 1496.253207700093 1496.0948848930966 1496.826082994291 1497.948257582833 1497.8765864335735 1496.0622973660113 1495.665693128184 1497.0578350981436 1499.1663420282466 1498.7773977130669 1496.98214596452 1495.433589021898 1495.662573112697 1497.9765064941157 1502.1966789862659 1506.0327320464853 1507.6322575326217 1505.1092482256026 1500.816427839448 1500.020599175943 1500.3810867994796 1505.1312248269746 1509.28159882958 1509.5682820543952 1511.4674405300254 1498.0270503335937 1471.7197833587193 1450.260473356822 1424.898531965461 1398.7919199679293 1372.319259182099 1341.6047947516413
1505.186835133196 1510.3433303155787 1519.3959325272376 1528.465314423891 1532.057644406393 1529.0380912256187 1522.3228775013235 1510.9239435515954 1500.075375124955 1495.786638903689 1495.2140780043237 1496.0728902993853 1497.1244481612334 1496.8786282916403 1494.7585459451425 1495.0769028216944 1497.080993897789 1498.4854778723284 1498.1147414330342 1497.5448487518488 1497.7759023389058 1499.8846160689347 1504.58741836645 1510.9876583845428 1515.004330406664 1512.8128363578533 1505.731982237709 1498.8389859333388 1500.9349560767787 1502.0818916647836 1509.5977358072446 1517.6749906516577 1515.106299578077 1506.8764943108656 1484.345588003132 1455.9882252878137 1435.8134661678046 1413.1155562777785 1387.0917450273898 1356.077819335421 1322.9653898713389
1506.923961806015 1513.595493109457 1523.4519893072636 1529.8560914831796 1531.784891244494 1530.3266317857513 1528.8497048293714 1515.1633931232416 1500.8461610014344 1495.0431800385086 1494.797186963117 1495.71507985593 1496.3099783465254 1495.6322379115177 1494.5396835144693 1495.2386514285656 1497.1253502645882 1497.8718179270409 1497.9559332164845 1498.5981311719245 1502.392407238623 1506.708915315245 1513.371596956413 1518.7288801651252 1519.9090923200356 1514.1564189864407 1502.0607286379197 1495.534883690714 1500.376250450104 1508.3519612341142 1517.3788363649392 1525.7679354604793 1519.0150507670128 1502.2254212386192 1470.8852789461703 1442.856548826302 1423.9787519148385 1404.6453602668619 1373.879790591853 1339.97799132848 1309.1201504670423
1510.613838192823 1517.7352734431033 1526.5281291328715 1532.6003655619993 1534.0285574653917 1530.7932513591065 1529.6241160348557 1515.9673846395299 1500.7829138578516 1494.5253826424923 1494.7947279637208 1495.5410840270679 1495.678298007548 1494.3762236542789 1493.8924387526067 1494.9017289354017 1497.4472636076252 1499.3976049153 1500.0329436112388 1502.3590830639228 1508.7675986036745 1512.2167730148894 1514.629975079888 1516.671255365331 1518.1174101806089 1509.6112685616035 1497.221204710219 1495.4702494575158 1508.9864473562595 1517.4315215574563 1526.8565454212346 1530.347722597503 1518.228788162124 1495.0742874916516 1460.5040943880622 1434.3084492589383 1418.49985645908 1396.2102218183668 1363.4964894002048 1330.009662309837 1299.5833725906396
1516.4130878155881 1522.6703853096753 1529.4680076201485 1535.5648824122993 1537.2777069601411 1532.2388706305633 1525.8185747625591 1513.00126147558 1500.516213869503 1494.6643078169989 1495.216899181816 1495.6262219371984 1495.2377023270376 1493.6123048102286 1493.1350888818179 1495.4532974674914 1500.377503687999 1503.430967193504 1505.6869169099064 1511.7391425297985 1517.9581401379755 1511.7009257453615 1512.0938913645264 1513.210040671386 1511.9137802658506 1504.9805303421556 1499.0584209255137 1501.1162773243827 1519.4658203451856 1528.7903754666747 1537.2041903516374 1533.6412580797098 1515.2680585562994 1487.599246245946 1455.559928636579 1431.406843677133 1412.6014740635633 1387.29206432814 1355.2549262575665 1322.1564140156047 1291.6295276455278
1520.9363400938046 1526.799884192987 1532.74205802403 1537.7613086185088 1538.8909248618804 1533.2144350562762 1522.198830480877 1509.4421889116347 1499.3722707771333 1494.129633837677 1495.3598919406436 1495.6432152495386 1495.0065947965109 1494.0010977854297 1495.3779385803 1500.6872327733263 1505.8142234308207 1509.6734595098683 1513.4199994976275 1518.1938468633405 1517.6957975951018 1509.9415527397246 1508.9064795578563 1506.926854699564 1502.1107681940991 1501.3918938990776 1504.942982949476 1512.7480345168465 1530.5456191313015 1539.7660712915476 1546.063761899641 1535.3226403450149 1510.237136831608 1477.400057240605 1448.1712521335398 1425.7984668278134 1403.3068236166184 1375.2657170811992 1343.277646057364 1311.8347970101224 1282.6494980105545
1522.8577932395217 1530.1747222346107 1536.0674952117088 1540.7479859908376 1539.1359736407944 1531.4187820772604 1520.1321834753464 1508.3996983827076 1498.7283213607611 1493.3629037375474 1493.3332048152336 1494.296330028706 1494.6873192187265 1495.3356313652725 1498.6301028065423 1504.4463608077274 1510.345719506088 1514.9246812469285 1519.16297885676 1519.5689018894652 1513.9207924118334 1509.6088142065873 1507.064415341785 1502.8667178745031 1497.624803224698 1500.8572101194125 1506.2869834463352 1517.4463379804445 1539.4858713435524 1550.0627818278017 1552.0200533554007 1535.4098489574772 1504.8537338950862 1472.5913221832586 1445.6910850186762 1421.4031617053781 1392.9800872829605 1360.4883601892009 1327.3105635771706 1295.344660960668 1267.339119246738
1521.7841501273974 1531.3250623075685 1539.4157382407475 1543.2933444254527 1540.5238897921824 1532.7193058626854 1521.931485967835 1510.3621946150447 1500.4070136140658 1493.1102234487655 1492.3440226431653 1493.1418393142053 1494.2432613462554 1496.9024965477709 1501.2203357294522 1506.8966287326994 1513.1932044395464 1518.5612357384234 1521.2781659040713 1520.2357387009763 1512.1528508130505 1508.1530407214345 1506.0897486883532 1500.312934650528 1499.0170044474753 1499.570487795863 1501.3673325657226 1517.8446708451306 1540.388709146242 1552.9943524254459 1548.0040999695655 1527.650716811375 1498.4833444354297 1469.1421645296712 1442.990024241693 1414.5903456509113 1379.624898092743 1341.6893553029959 1306.37963772049 1276.5018586625833 1252.4244731449094
1519.1021829334675 1531.8402986057374 1542.0229758132398 1546.0514017759476 1544.5375755987038 1537.7817116644692 1528.4690574651386 1517.6591175091921 1505.502167208034 1496.3321728520227 1492.1713462481466 1492.6418397949838 1495.127067486914 1498.6904241140658 1504.0374277669464 1509.627678089606 1515.7002858204594 1520.8855779532314 1522.165407018808 1518.9224011073136 1512.540781324423 1506.8391820767765 1505.5353591086146 1500.2275103244099 1499.454321308348 1495.4556746820183 1500.7508549334832 1518.6547106775085 1537.9938581997885 1548.6909944976194 1537.7311261659884 1515.708935390721 1489.1259226806185 1463.3983047279496 1436.5551668466799 1407.5361664461184 1367.351636664377 1324.7695011013893 1290.4757065722806 1264.1154707440594 1243.651745399921
1517.532120348008 1530.972441685538 1543.3176837940944 1549.949887076576 1552.0774185398898 1549.2044093092063 1542.4535937420656 1531.1052681222418 1518.243847051302 1505.9708374586548 1497.3633729967244 1494.7864624873735 1497.1102175181927 1500.009544039834 1506.7676546177233 1511.9032865791335 1517.83799107325 1523.7394401176007 1524.0958472108537 1519.2191115525247 1511.8568455017553 1506.059607641499 1504.0650983901444 1499.9814585742379 1500.6633805615115 1504.3395613293292 1513.1295065129939 1527.5255042149074 1540.819271747478 1542.627698496016 1525.077146615931 1499.0400167509042 1473.2726396414494 1446.7726005653517 1419.6842949948139 1390.5493177207254 1351.3989643319512 1313.0334865603227 1282.5433712189288 1257.2121879417518 1238.4610803418764
1517.041375885979 1529.4513660727257 1542.9972120059074 1554.2466875839266 1561.452002327902 1563.2024766358068 1558.9531052248456 1548.8412430644075 1535.5854186279807 1521.2980497450699 1508.2226784940694 1499.1449804320876 1499.6075840154701 1501.7681213838753 1507.7765075312013 1513.9999117758134 1520.6400283743828 1526.5203133030727 1525.3009862722106 1521.1107470515842 1514.2566174567132 1507.636420649612 1501.3243237230051 1499.744891948131 1501.9517535634143 1511.2176921933956 1524.9442134515186 1539.1207314554624 1546.3347012336476 1537.0267096955356 1512.9079468753564 1483.9711994121571 1456.6495589216827 1430.4902152895993 1402.411971106494 1371.6032882764648 1335.9443730329099 1303.837955435705 1278.5478095207293 1254.4122935401217 1236.3042884415772
1515.9020510494502 1528.046901084529 1542.8666854695641 1557.2314502946665 1567.9568097786193 1573.2044951517332 1570.9676714010072 1562.5772448378827 1549.8641492793558 1534.5574176955183 1517.9919448782543 1503.1145612875268 1500.1930861003991 1502.2339865140254 1507.6024399757034 1515.3798081559514 1523.613009904795 1528.1241650145894 1526.8249929170433 1521.33773614848 1513.744622519782 1505.5194430208192 1498.8665003598398 1501.388442509319 1506.2419458277984 1517.0918699366748 1532.5100418191612 1547.0262786721726 1553.0007877177597 1543.4552081567133 1508.882933956896 1469.9680543820261 1440.1619607851758 1413.0240375698143 1385.5216857019382 1353.5909075930683 1323.6158175383257 1297.7844716312356 1274.7163263988616 1255.3874727912707 1238.0637431787486
1516.8347498510177 1528.2126780810754 1542.6038290553076 1558.4195361154216 1572.1944516350732 1578.8129719456272 1576.8485821499935 1567.9213629507353 1555.6284065013897 1540.4255165949603 1523.1755138143762 1506.434389944262 1500.438761590378 1501.9316071608273 1507.2558584490675 1514.573958906624 1522.990417235661 1530.7587202020877 1529.2361914339458 1521.7666870138007 1511.5901753223209 1504.0617063599916 1500.85117993409 1503.705388269345 1510.778210090885 1523.730249630823 1540.5240908383207 1552.772963231657 1555.9782103147259 1528.3044891601908 1496.056904315002 1453.184010215727 1421.737320061064 1392.834516205686 1365.6016343783958 1335.5972998719888 1312.8949804068795 1293.2895037744934 1274.452308975193 1258.8467484996295 1244.421041265976
1519.7074794217465 1529.9145736310415 1542.506227143924 1557.6952276981765 1572.3991874594703 1580.6674419709839 1578.3225377299489 1568.4616195564245 1554.8678224799537 1540.0031213527013 1524.189100950774 1510.015200152411 1501.465964323213 1501.078784297226 1505.0093995129164 1512.0540525603265 1519.8488696663906 1533.4114903834468 1531.224197122122 1520.443421414606 1509.061929851648 1503.448538625842 1502.7794896225464 1507.9857546634262 1516.7848378721121 1531.6578842457304 1546.6960101942748 1552.8439844998882 1543.796982065925 1514.9697930899779 1466.6799576569101 1439.0352197904754 1409.1858979551703 1378.1047697678223 1345.4216263005146 1322.3747830774787 1306.2084417195133 1291.5282903187601 1276.5914935024107 1266.2294390498978 1252.0627952296502
1521.8818662490398 1531.0369491941938 1541.4295427402228 1554.407449258897 1568.3531673363975 1578.6753775096213 1575.5286535652185 1565.4233624224257 1550.449330430068 1535.9601000835687 1522.6575076973556 1511.2096935952336 1504.6845923230662 1503.1524887256564 1502.7496318824574 1509.2859122869322 1516.376408244722 1528.5391712747064 1526.7702447069782 1517.7437154676948 1507.5849567170533 1504.4054922129233 1505.9247397011309 1514.2892670928343 1525.7229238067634 1539.0556852644775 1547.33399229336 1544.9102595908407 1525.7192964730298 1496.2737132949892 1460.3333766038236 1427.227936729904 1391.9149598032197 1358.223160052185 1332.5690775305648 1315.4998662235955 1302.683241974663 1289.9485234202753 1278.4511438623426 1268.111696438147 1252.1237442243296
