notebooks/.ipynb_checkpoints/sithas_redraw-checkpoint.asc
ncols         369
nrows         443
xllcorner     5413150.0
yllcorner     1735500.0
cellsize      50
NODATA_value  -9999
[rows 95 to 113 of 443, columns 252 to 293 of 369]
527.0644195559514 514.7871439425971 499.95459926166484 485.67162849197234 474.1683970702114 465.06564298565496 457.68428382787386 447.5780541295949 429.7643607017704 400.9430185835312 373.5525437323992 346.1624975775274 312.9244625264591 289.9930428738833 272.43704346804526 259.83015369332355 250.92951185232573 245.47595712700172 239.70123414474546 232.30360490455072 222.83512478208627 213.8449864926007 206.70983293961606 199.41939283669313 191.3656958542863 180.60059672875673 168.93812604132702 159.09448759241255 152.1092206422565 147.8028361754704 140.44370302982594 132.25023185800717 124.99603449959531 120.58233688623932 117.38110951158524 114.4402431811672 107.38818132632792 106.31445969593804 112.39375675920498 123.46227855725436 136.70316451869834 152.125162668334
536.9806631940156 525.9887749147618 508.5018203092025 491.21669421993863 478.08384398150395 466.1797411208007 455.88364783254235 448.92466305223513 427.3712964868354 395.64328580950087 367.664710119712 340.8369148921412 307.84716175667376 281.784839018397 262.9556044742434 249.31782594365225 240.35822763484308 236.45822546887328 233.2565113891885 226.53773150416254 217.04750248574956 208.33019129866022 201.59696567096708 194.4846949759525 185.2967979794459 174.0140767733796 161.96099570805856 152.7926605320821 145.84635892552487 141.6678840930509 135.64510411657966 126.67997056482537 114.79417431567688 112.68352614727122 114.5471523415229 113.2176462225875 110.98330026199741 110.22793049976549 117.97530639963638 131.52540205751384 146.84286323115109 162.98398557993585
542.7089370089964 529.7152028517287 512.0193611513346 493.68224384312185 478.59308373113606 464.0259393942955 449.76429304492376 438.9146977671791 416.0283906097667 383.0158960341336 355.62161024407055 334.64389057902565 305.1271721200711 279.21011342576924 255.99216666940487 240.15803278051192 230.19509577091517 226.09447927060344 223.87097751266336 219.1802228384274 211.28200070054294 203.15256138887185 195.89600434941391 187.95249025219934 178.07303329566867 167.58440837154686 156.65308584431884 148.14012224400938 140.468754975692 135.07431322864605 132.35454512315582 122.5722853782015 116.64909695151974 115.0388167691998 113.76459346848779 113.46594650687501 113.2097658602145 117.62545513123979 133.51299294531546 149.57750468870654 162.56702998854354 178.04343760074167
541.6745684993668 526.8386845113909 509.194845156864 491.97450581454945 476.5869769759263 458.8310429971366 440.5908178684521 423.9386247243223 397.0248705481438 363.7630306378885 339.02716971134805 320.44441338059346 290.8953078830173 269.6796654579714 249.10058111653524 234.55937182367018 221.34138357017818 215.87650545020804 214.75046828155263 212.4367688412545 206.92949457812978 199.68540984566044 190.50618461689285 180.95955238040744 171.16187459772294 161.0724384299605 150.83260187069712 141.89142928616192 133.96172381156399 128.3076523150426 128.45756724727553 124.8115966982836 123.069883510978 124.35473006919975 124.21813833486912 125.53512553479425 123.20997147476656 127.97978699330693 148.39201917097296 167.01935302060167 180.6089810687854 198.2924107047724
529.498910484264 515.188209764885 500.4518767169653 484.99890704148703 469.12469727688324 451.46718919701254 431.07244051052555 406.3011490818069 378.1471732771596 349.26195000534204 327.16501176655703 309.8230684968952 284.0550495494495 263.383568498614 243.1736132165658 229.05789601975573 213.20295742723494 204.50627606973666 204.9337337127002 205.84545368953496 204.02739852282053 197.13559913886542 186.04194699163006 174.52116981953674 164.21953946893873 154.40772864564138 143.25328543314978 134.07565969535008 127.15116673747218 126.90110130837773 128.95799781839523 131.51453383386684 132.21982806033597 137.2657246413752 137.35239563566262 141.3210068006603 137.9754532825335 138.7432498724563 160.74158239930085 183.54318888353882 200.32843762172854 219.24221312607085
511.0928625260826 500.8928061646301 488.7489366385977 473.66089289367466 456.33515872449163 437.19519630251216 415.2530870701494 390.8719155210888 367.27493497222747 346.9021541610539 328.85823914211795 311.0433654515909 291.9423333571361 266.9922461722411 239.51759385766425 219.49801088092943 202.9727775879599 191.729088308312 192.6606388975174 197.14141325355592 197.6802620524274 191.20251628546177 179.81801424290342 168.74388027460432 158.6190456539007 148.60365974990623 137.68898215312737 129.82394763240023 126.85795429128498 129.97960352076424 135.44478140841204 143.4014773425375 149.76656548334705 155.72286815094017 158.45922890549494 162.54319917677725 161.61866879153527 157.11880047236468 174.99078893419195 198.1848074246904 219.3127192061609 240.37176981516154
490.29197581510425 480.6088121050883 473.2704589677896 458.2521994869166 438.0271375194104 417.503569255458 398.1223130749381 380.0048917114859 364.9205693941924 352.2350233465002 340.7724450824177 321.42710620967 295.7367142545017 266.4356606386712 232.20026331757396 210.105450762478 193.11368757449355 179.24530983662282 179.85354296761287 184.4912553396285 184.81351938504383 179.72689278821778 171.64226590821954 162.67499159088314 153.8848102206277 143.76606989005595 134.61475533037205 131.38395074879895 130.80876870481114 134.9593814441134 143.17037378433545 157.70676557173624 166.43774002975545 172.91612624036088 179.63511078402098 183.29594131730332 184.54922090455335 183.12116908730894 192.34119605820626 211.64541429910585 234.3136439747938 259.7343867007743
460.7257361545781 449.44411569240316 444.49948205558417 430.4838668978336 409.5318250435351 391.48629311063155 379.5476521542808 371.34945407453165 364.24194863231617 356.3754568898745 344.94528555659167 324.40358686025354 293.42097328109935 261.0185587430842 223.61125203675942 201.96771160860217 185.6716337098079 169.6033890101505 167.20377855930957 169.1650243224611 168.76094152535663 166.05821350840074 162.2620710214608 156.0355602189376 147.79771175632246 138.85224720064414 133.5491555219493 134.62522652017714 138.5616558871205 140.91886564470508 145.40502545453487 156.2332294536987 168.78516890319196 185.23121917555162 198.7146900395271 204.1847850308452 203.4887981705581 201.10020703334212 205.00590284050648 213.9540773341823 244.15689247026515 278.74683670806456
430.98136951397055 417.63270618389197 407.48911303170746 392.0612921141292 376.6578375688726 366.46665850660366 362.31604141868644 360.48430283200213 355.8239390945651 346.109488178148 331.39147705172945 310.96949495372667 283.96016488918013 256.32401594800655 224.9277165933624 202.31651637326618 183.96392729536842 164.836339969409 157.6085431439806 157.07016368749663 156.7369965047638 155.9130534856486 153.81370458166728 148.81267762547643 140.92924390520383 134.13967443010625 132.6933166912085 139.5539177703965 144.82881411612203 146.49553865419807 150.0634063228518 162.2998996362517 173.76547050691454 181.6627184274439 193.6484531055799 197.50013325215755 200.05330551121628 208.81839214940987 215.53267529507542 223.00726167069237 260.3426681876114 297.3493887595979
394.37225184125657 385.3867601749703 372.0379168364864 358.5997783794439 352.43407143367233 348.8369144433955 346.72966960071983 343.6305971118707 336.0381876340408 324.2446394287981 309.0852155342586 291.7191234788228 274.21114577830645 252.48983934346114 228.23047555621508 208.9262050813182 189.30112222348072 167.09528776115346 154.58527885299162 150.77448804450768 150.42209687422343 149.373353064049 146.64215748228867 142.11704167775832 136.69222216585504 132.75302842860165 134.24345782290916 143.10118850242753 147.64412037271265 148.54605742234997 152.02107312471512 161.40949231676748 169.9804335719288 177.6348301431408 184.35605532486267 191.71335872759292 197.37707194998367 194.75579839207762 206.14037192825958 228.62602366482105 274.1492880460975 317.243519315786
363.6531988302239 356.0594488284287 343.298615721823 337.66346906507255 337.5247916809116 335.95293475283347 331.49816152485414 323.87223018425095 316.28627282545955 306.9915111203574 295.58214457731077 281.0339694397386 267.64263250292436 253.77642817760227 239.27967113158837 221.34299465054121 196.99280689612178 172.8463891708043 156.94176025451662 150.88830085207292 148.7002484281925 146.1261124714112 143.65786213805706 138.88135096171072 135.31064907090487 135.2629137353307 138.6426458759046 145.8410761300261 150.3728412374723 150.78639301328414 150.7768924263671 156.02149032339315 165.01368120819208 176.0260136201515 179.6319126424964 185.66275662826592 191.09860788377995 196.4305712428667 202.81201682511698 195.6960740493288 259.6630684382136 332.1235560888002
340.4934492450463 331.2450412403456 322.649164855716 322.0029132677164 322.1355728330351 320.4637298131651 316.47032902834485 308.7788356735774 301.15975071601724 291.1201247641224 282.0250611738727 274.76075384268194 264.06056092756074 250.666504814691 235.81213191186956 218.80119680698664 197.77294716816215 176.7655281021663 161.72392720761508 153.75545190351295 149.2764663997846 145.21546981645662 142.33025188973764 137.8010215080774 140.40623300725753 143.76873544836215 149.6710783916969 157.6642619724799 163.6067980136793 164.2688947270507 163.27103268016435 170.48165644016146 181.76735981273993 187.18687567880477 187.23743985292916 189.98579934840126 189.65620687733525 189.99210950225694 198.72619429878594 214.85322490134237 236.16137049980364 320.3753044294286
318.19952411461384 307.9384055488554 303.11628584392395 301.5965193370275 301.05109361145634 302.9344314727412 303.8531497339286 299.6949121992893 290.07308917383943 280.5944902359735 273.58142129728293 265.08339692849427 251.70473125607853 235.95753891948692 222.05558251769185 208.94805958480583 193.75567084078585 177.96084800243122 165.85778532256157 157.12943013778386 150.49994959544932 145.1491937654381 141.68983065438044 141.06897156695817 145.85939095237026 153.94409082928934 164.38046581624417 176.63321451061108 187.04745968833538 190.0669715140195 188.31343988974618 197.39443065180873 203.94081224749866 208.17056259991347 210.84393163089015 209.7384837577057 204.67740539487573 198.96696080736072 195.61128069904362 219.7820940201685 242.3970186192951 288.88404649317783
296.02485576610275 286.61505376312124 281.92046063260005 278.1002773221731 279.3313115222429 286.0887590362016 291.85887621379317 289.7019400942154 279.33923223528865 266.9727366853298 255.13550511479923 242.49275612790757 226.79392882881496 214.08349826280735 205.80172219322205 199.0682574824471 190.27212378589684 179.14301893308576 168.98697273308966 159.64869473610122 150.85844523916126 144.46351490365385 140.72989298093344 142.34868686463494 150.78670128496168 163.66770032577173 177.13039317024234 193.21985173131168 209.4929076154735 218.0398411249093 219.06823547954883 225.85969102286154 228.98974269979644 229.98853172709332 231.92825859072684 236.9038299493772 227.1521395872301 213.3555951663247 201.73691545913982 215.8578679671557 249.03321642007813 275.75361769252777
279.66139707559955 266.3759859258477 259.0647292549095 256.67961615482216 261.48083995386145 271.19144385147746 278.1256684680768 273.8774977597325 262.0270464082412 247.81069374057583 232.45348565690227 216.82401747867814 204.0228741784207 198.22857963237846 196.87076271462078 195.2436329493207 190.5717151562149 181.86238772528517 172.1213949613824 161.768823598079 152.1764768603694 143.84321443378948 140.54915577647782 143.6467593385296 155.13355019804703 170.9670048909695 188.95820936195457 209.20766737930927 229.86535548679177 244.32287248146153 249.02096870751893 253.77901980191663 257.9075050849416 260.34611404500765 255.9849992264197 258.45193799641885 247.21437390681254 230.80330008130375 214.32570470382325 213.99185382034187 231.43537356905998 276.7148484413671
268.993546375151 250.36550705154204 240.07199608716454 239.27598001960087 246.11122803676386 255.78694180708126 260.3136352655378 255.797506755116 244.1517806244326 230.5631547150991 216.01247778536595 202.58989040626778 195.56443050821775 195.98289573643584 196.0657948788873 195.8905827863145 192.38145294491017 184.85723174648194 175.447665745315 164.51962909827768 152.3253499911864 142.6573271807945 139.8190858547642 145.59040821570125 158.96106667126395 177.29078594816608 200.75687728887573 225.81388685857203 250.88819838009977 269.76595188107075 278.25186986723946 283.25809696239844 288.83378263473844 292.54045801361946 283.13788316892874 277.38980874417507 267.17186195550175 249.55673213016746 231.2694501533984 221.24663378832 225.29640694030732 269.25276926558723
261.6491750224986 239.54568985943135 226.71975360409414 225.6384828335237 232.15174284004684 240.5152157596475 243.67194477474797 239.22987853715665 229.18243038867496 219.41397485243039 209.343482976756 201.93248165813782 199.30343628145073 200.23328060559032 198.46416778894724 198.18295265612747 195.25504559517447 187.95231531668404 176.8780139242439 164.32128401644516 150.39414618887204 140.83158141315124 141.42752781054313 150.06780328109764 166.1940441214157 189.4186685842326 215.7590980124115 243.10610411231292 272.4100264770575 297.2154779434194 307.658694958161 313.0718155472639 316.0119990487562 316.82762371840766 308.7623672804852 297.79497719726413 287.20907015506975 269.5939431196771 249.9643746632172 233.57369645355777 228.27687572656544 263.43211942272853
260.02754595264946 236.46841471535782 220.72204686988195 216.12483545267816 219.77530911842499 226.1228316644706 228.9624180053333 225.31178389128704 218.10513772431364 211.85578390678276 207.40784877279538 203.67498458838614 200.8910295948479 199.73686355093255 198.45325297006173 198.31754379983278 195.28331107382456 187.18762343270453 172.6499745742136 157.5411929254953 145.51635382042167 141.59479523889766 145.7345154566795 158.55287734321894 178.079980577741 204.83465954679855 232.76657257317004 261.92511261768226 293.4789452404711 322.1297270614901 333.4076566992336 337.30276881389716 337.07924590495793 333.98039067902164 328.73935332209413 317.242259434291 306.25774028138346 290.94097959625054 274.90984240229767 259.58635902997105 249.5205217207438 264.07037929274304
257.54149104986635 237.66824138525732 221.44799096907835 212.09660860358184 209.8904615761578 212.36796872009572 214.5831696242684 212.53939752490794 208.6799381969789 206.06000788818085 205.43375611336657 202.6828891316893 198.68292833411175 194.61114306569266 194.08029036465376 194.56365100636947 189.84700474091997 179.82238672530406 162.75835730938434 148.34766832233626 141.66445306669897 143.39558170529693 153.08328153461974 169.5738144982627 192.05295250632508 219.44978757338066 248.72152247070784 281.83324462528753 313.2775132652958 340.0209682173088 349.8584271633262 351.68593181388957 349.7882385706241 345.9726513861352 340.86870622948993 332.16067661818124 323.07086644028175 311.3213337055151 298.5434502085203 285.9396268093223 273.9560823302335 275.83661913086456
