notebooks/.ipynb_checkpoints/sithas-checkpoint.asc
ncols         379
nrows         448
xllcorner     5413075.0
yllcorner     1735375.0
cellsize      50
NODATA_value  -9999
[rows 306 to 323 of 448, columns 123 to 163 of 379]
1476.2874790310061 1464.9863147539122 1453.5261783918604 1441.4588117885287 1427.7238972304467 1412.671303893482 1398.1610263414236 1386.1684559348312 1376.8706253721884 1366.7159880146264 1352.2425561806604 1334.4042704122658 1316.4150217484926 1301.0428822315175 1287.82965771026 1282.7734231974198 1284.7182838734702 1291.3910719271994 1294.5387704881164 1294.2548723408752 1294.685162499592 1296.6368735642109 1296.8203108496698 1289.1137254034638 1272.1376984291624 1250.9316340490464 1235.8775658977208 1229.5808829815671 1227.1213178947953 1224.3689305721255 1220.6585152459015 1216.0652271208476 1209.8257455285086 1203.4027430673393 1197.7246361067287 1193.0731832668894 1188.718796953709 1183.117911680787 1176.7271132658905 1171.4230746113453 1167.598164580006
1483.7650872264028 1469.6405533922625 1454.544475385863 1439.6433037577638 1425.985397878669 1413.7802090909586 1403.0307372781085 1394.1120987936883 1384.5563967604135 1372.3598904258617 1356.3075170692264 1341.070477683922 1328.576186513394 1317.241863326315 1299.5831894369778 1300.0902927264406 1301.942962575543 1302.7163139058416 1301.0187041670438 1299.2525310195088 1300.1443269463757 1302.4594445542782 1300.8139226772769 1290.2182306687596 1271.9761037566536 1252.804682070038 1242.0682619934328 1237.3633610164618 1233.573749700515 1229.0712213836323 1223.532064128961 1216.2821019870898 1208.9838842741174 1202.6360123000165 1197.6739554373962 1193.9441602119196 1190.426105410391 1185.9311354305253 1180.52767702146 1175.6147593121566 1172.7039236297317
1490.6602745984728 1474.9323553423042 1457.7604168396192 1441.238595945039 1427.5583738379382 1417.1276132742964 1409.034388684015 1400.977948156854 1390.1472785204166 1375.9815257416637 1360.695026818988 1348.1641951221018 1339.0957552157072 1327.4281873872553 1315.6143010803717 1316.3944465981986 1314.6020366018015 1311.6687050582652 1306.1848937587786 1303.3450805863638 1303.7729374656785 1304.8711633162686 1302.4155700261897 1290.5147816505091 1271.2611191573287 1255.1523659499603 1246.5683571013983 1242.169045447184 1237.6869512027874 1231.5888150124715 1224.5269939834736 1216.455581995764 1210.0582119998223 1204.5078654779827 1201.475885439881 1198.9805887903597 1194.8027853516066 1189.5844133959333 1183.4108386437983 1178.6916508689892 1175.7562389240095
1496.8422065078917 1479.1260212330255 1461.9860816978226 1444.6878631814513 1430.62436665537 1421.2509454457131 1414.2886477827242 1405.3537757522058 1393.4501844621182 1380.3202786365275 1365.6377166046282 1352.2134554313488 1341.8725114037456 1333.3650543309057 1328.4743046993503 1325.0403076683242 1323.445824661021 1318.4873413072341 1311.6625710246835 1308.1090493362822 1307.2958738530053 1307.804004154799 1306.7117696831613 1296.0055412443899 1276.0496268682489 1259.0158787901821 1249.8874873497953 1244.1291426652515 1238.671175607432 1232.4972374588042 1225.025351461695 1217.7931810374719 1212.3149553504381 1208.7578027911893 1206.832251771918 1204.177523859382 1199.3061864788565 1192.87165479446 1185.5506607459301 1180.6657323178797 1176.3080092006644
1504.6846504778582 1483.5842740172336 1465.0765488624513 1447.7566036569565 1433.599714883861 1424.1837406665709 1417.2094025621232 1408.065066473144 1396.6580765061642 1385.0713412107962 1369.889278375734 1355.302134157283 1344.11935343947 1337.5139852712764 1334.5933728378645 1333.8210035872428 1332.6231860376565 1326.6163589436992 1319.64099653361 1314.5113462801405 1311.767195369595 1311.088355792415 1310.3441316742853 1298.6567675155195 1279.463403541429 1264.0834769702421 1253.972743645968 1246.3340690704254 1239.3748866673102 1233.351726279774 1226.617474905444 1220.850303106266 1216.1369188268266 1213.3472025818842 1211.0770754261475 1208.0330086884287 1202.9183670788698 1195.864789336687 1188.667614464319 1181.5585799777805 1175.6152623284686
1515.6681304628544 1492.0927800911722 1470.95910267115 1452.3838802925316 1436.5934899396236 1426.6059157238174 1419.7846636137353 1411.2998190658725 1400.1600642637736 1389.0214703858342 1375.082795065303 1359.64795194719 1349.12594086637 1344.9555414720692 1346.1219958102374 1346.7166666042208 1343.0149207062213 1335.6610284253188 1328.1941212868887 1321.69571526583 1316.7681504895854 1312.8350211881261 1307.596908254268 1293.3965595649054 1277.420529038934 1265.6456664351153 1256.6518842201087 1247.837472985048 1240.2523901663558 1234.8463982296219 1230.1601579468806 1226.282177508722 1222.2711094257554 1219.1435598593223 1215.7788926722194 1211.1735710553703 1205.384041441277 1199.1855443387055 1191.1511883152098 1182.2008000996252 1177.1960535226883
1527.5349981114464 1502.2427443508548 1480.8015336914325 1461.8332054188356 1444.9219137372097 1432.6795764084654 1426.228711864515 1419.2283078476805 1407.8130995501126 1393.965656216531 1378.9516356035256 1366.4492859556585 1360.4125271656799 1360.5969117207992 1362.9254926115848 1359.9782254661045 1352.4440790145422 1343.1762179003344 1334.9997130833187 1328.0680102917595 1320.742430342415 1311.8121657913025 1299.429225994389 1284.6754617413758 1272.9270844078658 1264.911720975309 1257.3534373325533 1248.965846178225 1241.7942159006886 1237.5588126937748 1235.4038071606517 1233.653119723746 1230.8671994783163 1227.0037841873004 1221.7165545321532 1215.7709291898445 1209.4358124584314 1203.328407500366 1193.7296448109596 1185.1366546431962 1179.6578063391132
1532.373242374863 1509.3582194667033 1491.173725130418 1473.9772648672133 1457.0393457885327 1444.5976073800541 1438.315052924278 1432.4574263167906 1419.5913742898465 1400.0684699880483 1386.1675606624904 1378.9019323250627 1377.7820433986776 1381.6101709079207 1380.230720302333 1371.7141753464175 1358.799451053859 1347.7446686308067 1338.8433462701676 1331.1235471397933 1322.483829818401 1310.6882597083522 1296.5196738724358 1284.350951186117 1275.6296361713007 1267.9954078823268 1259.4156259223114 1250.913395502297 1245.1312912006856 1242.373588617318 1242.1244356046045 1242.3234763011899 1240.0210979565472 1235.1001589964808 1228.5676135153508 1221.2926667074737 1215.2027093621823 1208.3537519455558 1197.2902356017896 1187.7473702835039 1182.0577227614897
1532.4715144417796 1511.6935699965898 1499.0982634350082 1485.809166881756 1470.7177983517338 1460.04231782394 1454.6081164044924 1447.072056927127 1428.708726892823 1393.2275749566375 1396.6608869838024 1396.7989964271876 1399.9697637259922 1403.1416791774411 1396.7969414245185 1383.3124855424244 1367.137494773435 1353.9516305680945 1343.066807423674 1333.5224671949693 1323.8599545546886 1312.4016867216633 1300.4874549700962 1291.7685393676834 1284.7248090563319 1275.536879556263 1264.403709670038 1255.6163742881286 1251.652375324136 1250.9657184229573 1250.256375122867 1249.4727367286332 1247.2482585630694 1241.1569235889888 1233.2139357521398 1226.1543627125784 1221.3836582872977 1213.8169848441246 1201.87664592915 1190.848247709912 1184.4505089360985
1534.4342240159453 1515.5632816346617 1506.3680535942121 1497.4112893486033 1485.8147711943427 1475.6595446723277 1468.1839932200337 1457.5825588889797 1441.4943098972549 1419.2551767698142 1420.7943837588314 1420.8280318721897 1423.1759111434965 1421.3638464852456 1410.3833953728551 1393.7180087766058 1376.5171462025592 1362.3017310087764 1349.3517511601563 1337.3323726063973 1327.5413326676248 1317.6306719638728 1309.0289162546337 1302.1328845421513 1295.2063710939315 1284.2469385192276 1271.612100506221 1262.816506532854 1260.0134295612297 1259.9726240381733 1258.7966701703117 1256.3433299203195 1252.134721817203 1244.9791335882821 1236.9337442441872 1229.6873629250276 1224.3229586373504 1216.267223424175 1205.4517845798327 1194.6615300020565 1188.3578434211056
1542.2206660910315 1524.8248965589873 1517.679301323656 1511.2920786341595 1500.3841637092462 1488.3163930081478 1476.5896459798357 1463.5735607124707 1452.6795852470982 1446.4863345300093 1445.4284577058195 1445.8113150554232 1442.8856476244837 1433.316552848587 1418.2234833196098 1400.5797547419115 1383.4455889011736 1367.985888853716 1353.601302079786 1341.610458015499 1333.4910553810769 1327.5143986341347 1321.0965354426394 1314.4004076116871 1305.556858274395 1292.286493706249 1278.9979187774518 1269.8626306073104 1267.3699235554238 1266.8959407362847 1266.2563583600022 1264.1370080866407 1260.0663997992783 1252.391948338361 1242.3980668093586 1231.7165923254295 1223.9413922475078 1216.4864358987993 1206.9431147614555 1197.847272433327 1192.841473640582
1553.3100639542577 1539.2945101986866 1532.206844225423 1524.477414040642 1511.8506240742302 1496.60971063187 1481.5930147843228 1469.8204695693844 1464.4142037922513 1464.5121267540267 1467.6421275189493 1466.1956381936436 1456.102874097386 1440.4189313393467 1422.4957937627123 1403.2112557479968 1385.151077922771 1368.3550113763504 1353.6553987984744 1343.4586467393547 1340.7990691234563 1339.8039504724816 1336.149174850072 1328.497596795935 1316.155902410671 1300.835177863612 1286.443069730547 1277.0786779101688 1273.3651469263295 1272.6290986960687 1273.0801558376374 1272.017106113074 1268.1725289563856 1260.1831926918767 1248.975129358203 1236.0412025093979 1224.1518676933206 1215.1572174667772 1207.4001334567665 1201.3162326801903 1198.1324945297133
1565.2872459783252 1554.1041554269764 1545.6951532124397 1534.9692345454278 1519.1460692113176 1501.4566069911973 1487.1381614846573 1479.404801014341 1477.5005304399283 1480.6081139572684 1483.5946245943915 1477.751906529027 1463.0981447877425 1444.1947662476248 1423.5690582394377 1402.178882419842 1381.7854522246043 1363.1751378543863 1349.681110192998 1343.724257420497 1346.21123834203 1350.5964164102866 1350.3026381742534 1342.1507140026824 1327.0958290480946 1309.2900465185485 1293.654694499336 1282.571050047715 1277.911850188914 1277.729231878041 1279.0816697899934 1277.724202598974 1274.0006550991134 1268.1046833933835 1255.8290673122683 1239.0752473368511 1224.1207723320986 1214.850387456478 1209.7000800946023 1206.4660944725174 1203.776281719528
1574.073137599366 1565.0839071091125 1555.3849966186128 1541.4908741571294 1522.9492433443097 1506.1347782616447 1495.189771141865 1490.168816583547 1490.4087304343075 1492.5087466588984 1490.853650277422 1481.0499924597914 1463.692740010706 1442.5824484979537 1420.7837663885011 1398.5924046765813 1376.632476068087 1357.792951046718 1346.1011618396685 1346.2952196697288 1351.945125492498 1359.5986223120276 1360.8324095752719 1352.1651424092147 1336.0473092728962 1318.0288445976284 1301.2037327676053 1289.3542279419928 1283.8560077004129 1284.2720470303993 1286.143309657462 1284.111749233903 1281.5442557519598 1273.8378520313972 1259.1933747880391 1239.1469757638877 1223.751507877054 1216.5943806462815 1214.1460598204844 1210.537536149353 1206.8019876733235
1581.7547439188102 1572.1911745957345 1560.1249165602935 1544.1945889687743 1526.3563469817352 1509.6806969915276 1497.5601107217972 1499.591879225453 1501.9550471517384 1500.968047930993 1494.3926188931682 1478.959094337271 1458.083063204801 1435.664135036849 1413.524021612455 1392.2783435714928 1371.9058910331348 1354.996439184742 1347.0169736253852 1351.4027696223611 1360.2094372268448 1369.497399619299 1371.0886675824809 1361.0725527670838 1343.4813096151959 1327.443766628995 1313.0449122788762 1300.9005122954734 1294.5191815870257 1294.1764444086746 1294.3021269260882 1293.7900258914747 1290.5225416584788 1279.9180218760516 1261.7798096869528 1240.8302574657687 1226.7883031285057 1222.1331983239897 1219.0986129595763 1213.915991265288 1210.1691760120846
1590.3552594132639 1577.2242411185607 1562.9322839945805 1546.8520449944194 1532.543107533716 1519.1915475297396 1508.760651124142 1512.0017070310832 1510.924635338621 1505.2754059570034 1491.768391032102 1471.6977027697606 1448.531193614089 1425.8278113506403 1404.7006020301644 1386.6013163773869 1370.4791016147383 1357.9237124020149 1354.3852888583165 1361.6802009909165 1373.4401734701355 1383.7082729834508 1385.3319726065165 1375.1160171508998 1355.6045363656067 1339.4105102971319 1326.2630522331558 1316.7582821599444 1309.0197923346539 1304.4257845696175 1302.5928122275452 1302.8567064310548 1299.4922360603048 1287.419126451185 1267.1983348444405 1247.0818083864472 1234.8313088444252 1228.2458586030032 1222.5850171892837 1218.180564425428 1215.2293304578254
1602.5487466831985 1584.6087071847746 1567.9058360581503 1552.989361613138 1540.3536361034298 1531.376756941754 1524.7545926591729 1521.126826561027 1515.8669592866652 1504.0640763778213 1485.063473410046 1462.7100429144884 1440.38388830454 1417.9248426310098 1398.1450797078328 1382.8683480737552 1372.0523686574156 1365.5778757380963 1366.7540043266808 1376.5789948478816 1390.1062699000745 1400.9368158659597 1404.4611879919498 1394.3594731628536 1375.4075015217743 1356.2179936445818 1340.3650499316886 1328.6361160862655 1318.9772612080442 1311.6606176622927 1308.8148392308003 1310.4993982880626 1307.6086535529328 1295.5343929929716 1276.4910074094769 1257.3664649880677 1245.0793914695723 1236.000840530543 1229.013437724087 1224.697948429386 1221.6801179485165
1615.0607660143678 1594.1705850014482 1577.088650657696 1564.0250976557948 1551.9844710360503 1539.939068716301 1530.7704424786398 1525.2032173409666 1516.560971876842 1499.057169855993 1476.415789249212 1453.7284900206096 1433.578732344453 1411.936038485062 1392.8556791413594 1382.3079826896792 1377.2513589562661 1376.5340234057962 1382.4456605096916 1395.7762616196258 1410.639344913551 1422.598136473666 1425.6386679255586 1414.8113021509282 1395.7272413774701 1372.9061231848136 1353.3872328005411 1338.2301992260818 1326.65215890643 1317.8845261108381 1314.022510765964 1317.968777744015 1315.714563106822 1303.4552048082212 1284.0699077601612 1265.8501059190849 1252.2693009310683 1242.4413803477032 1235.9906932959116 1231.8113196694203 1229.08736270508
