notebooks/.ipynb_checkpoints/sithas-checkpoint.asc
ncols         379
nrows         448
xllcorner     5413075.0
yllcorner     1735375.0
cellsize      50
NODATA_value  -9999
[rows 288 to 305 of 448, columns 123 to 163 of 379]
1019.0003545529485 1028.4233138946279 1040.1884190499854 1054.2340470985378 1070.5624341298872 1087.313312987444 1097.5843009963644 1093.3366647042346 1075.267814470934 1063.6693449510951 1058.5658704021262 1054.2298342746199 1059.0197997235068 1069.4265330271191 1083.9770078130766 1096.2363680413912 1103.4052558717688 1106.385646967057 1110.2584678229698 1109.609927198729 1101.7745835292467 1092.4297051822714 1087.90491815616 1091.2820625819272 1101.9533747453215 1115.4961156030267 1130.0064804442736 1144.1631521785614 1156.2070479861595 1165.3443583265469 1176.4942994490575 1185.9728313531011 1188.3368294098548 1187.9273254827713 1187.7174457646574 1184.0587947628778 1179.1228369250916 1175.5310557983544 1172.9423347497777 1169.6748354375572 1162.6486060232535
1058.7744894485033 1062.2619198247955 1069.9870027083534 1079.124722102938 1090.9999680081226 1104.4894161427492 1113.8407392549254 1110.3732645296643 1092.9681637592741 1075.1237663668076 1066.9008608379777 1063.0481648132682 1064.711602361153 1072.4165619013131 1089.1646490582787 1107.778336076376 1120.8418900116085 1129.5399545334735 1134.841763031686 1131.5961245091007 1123.3893888284958 1113.1321302389051 1106.0958445822203 1109.7036887655406 1121.0909255217125 1134.6449287756654 1148.4647599087593 1161.7288801883121 1173.5840758310824 1182.4650598452367 1192.4266536890495 1198.630668444912 1199.9031389992087 1200.026436546433 1199.909316818894 1197.5915666563922 1193.7081209020384 1190.4295555828064 1187.91942991384 1184.9818221317641 1180.3121659757862
1101.6646233892168 1099.1965726339552 1101.3394919852676 1105.5296990446752 1114.1653479446413 1125.1951630733445 1133.0448014389845 1128.9274347640655 1112.2758963924234 1093.1595527279828 1080.4337814850064 1074.0918689095602 1072.7694103911028 1078.2907974222408 1093.7623440524922 1113.8020817731644 1130.7308247605001 1142.6769769704022 1147.3751796541296 1145.7807644713946 1138.810759996406 1130.4376797370317 1124.1178728524258 1127.6305333897458 1139.379052119189 1151.7218824952197 1164.0127602851333 1175.7867332117635 1186.1715131219428 1194.3505029525418 1200.1319402697018 1204.2229328168992 1207.3546075474278 1208.6525392443066 1208.5184108834858 1206.8428073895807 1205.0760208612821 1201.520187616694 1198.1201562672056 1194.9235695709287 1190.5179204704978
1141.5723209335872 1134.8036579002933 1131.9578493273518 1131.9632500318105 1138.1141037410557 1147.6050995918188 1152.9520641703355 1146.4962059524464 1132.053831749208 1115.7184776951694 1102.0052257757202 1088.6515198597517 1082.4967076510427 1087.0568001857694 1097.8925382295638 1113.76700089234 1132.059834919905 1146.3853773374153 1154.0406617835586 1155.3679509595518 1151.2323890097566 1145.547429974068 1142.9796091439687 1147.1615105894848 1158.922363279089 1167.4317280699204 1175.1263998590935 1184.721199413128 1194.1008187353598 1201.6669579123459 1206.8028217429382 1209.3779479287757 1210.5720937683648 1211.0080296340093 1211.326888494655 1210.201550104621 1207.9588699622773 1205.2023176957864 1202.1799751980814 1199.1182040251188 1195.3074202296752
1182.800187187565 1167.7020114920706 1160.2075118251917 1158.248222912981 1162.5160155383269 1169.7960332689972 1171.5511839715678 1162.6622811166728 1150.3397812538415 1138.2995059620719 1127.3253734803573 1109.7062009362305 1097.6173017569513 1096.711757816055 1104.3932383800675 1120.5539833656837 1138.7676225462337 1153.759274431156 1162.4765884591034 1167.0080328587558 1166.298743628109 1163.783894776648 1162.1698266130775 1164.9557586932128 1172.36227282336 1178.1156716344838 1182.8865874557619 1190.1762522836448 1197.4810624254974 1203.5538575604833 1207.4328882941386 1208.9970315844962 1209.6139624302687 1209.8723436134387 1209.8558242814677 1208.4132890067563 1204.867094208397 1201.68115147375 1198.857386028321 1196.9258576529069 1194.3160118932865
1221.7029356336568 1203.730180035211 1192.9317576724936 1189.2470180248235 1191.8247279672773 1195.7819413420152 1191.402272105491 1179.2229970312562 1167.2552011456278 1162.258311730432 1157.4891209741506 1139.2689609042432 1119.4388725764732 1107.5795235247413 1106.6325744364497 1132.614220657602 1148.9774552178822 1162.3958515344732 1170.2101181442195 1173.7527542227567 1175.3767615352142 1174.9927386945456 1173.877500974183 1175.1876229974732 1178.9984956443852 1184.4400397612005 1189.9247585047651 1195.359163896579 1197.9181306819385 1202.0748941980057 1204.8799754442948 1206.150682655788 1206.6311345990468 1205.4183759152615 1203.6977735771366 1200.6754442636968 1197.3371754338825 1193.3403375900841 1190.5903100086448 1188.271143993374 1185.4227175360745
1260.5308196612782 1245.977268192469 1234.2289485201588 1228.244453509645 1223.6962875323861 1217.2498767826983 1205.2879067604883 1191.5933696968864 1186.2859329623275 1186.0067270122927 1178.2456465318946 1158.3748067637475 1137.5744014463548 1125.6299432203432 1130.036555476439 1145.570325512058 1160.6064077774122 1170.8282645098159 1176.6914859330436 1177.0910822201276 1177.2048041469618 1176.5459414046843 1175.5534874454872 1177.6173314018345 1181.8755690083954 1188.0113947099253 1192.7273749304027 1195.3112275940991 1196.883781163801 1199.9148784628333 1202.0999353480213 1203.4811355007796 1203.405033237436 1200.9250698698438 1197.7226535047716 1194.6926646947431 1191.3307758032133 1185.9492423356894 1180.9903704961487 1176.5277741988662 1172.028748373829
1298.9919072942266 1287.7852537009421 1277.9476991773195 1270.6154354511928 1255.626781122243 1240.109287451307 1221.4757109366074 1204.005291218963 1200.888909467136 1196.6868645842032 1185.1730390741452 1166.1596977592355 1151.049063769867 1145.3171474867165 1149.8393691002823 1163.061058985812 1173.1954072359897 1179.1981898874333 1182.2402249832467 1180.7218236356614 1178.4446897452938 1176.4740143966585 1175.1631871477125 1177.0091303950846 1181.4412875102428 1187.7705901903805 1193.3888634572331 1195.4812941842706 1196.0636132827656 1199.0810519202605 1200.3998395876913 1201.5507024548817 1200.6740342201563 1197.8758061369886 1194.3271664601955 1190.943203713254 1186.7110950802016 1181.7628482018677 1176.4053731390727 1170.1754676691532 1165.8143264633493
1337.9957307032296 1328.4576228783992 1320.3683713264927 1309.6569533484198 1286.6548132372645 1258.8467021230504 1239.850193154626 1223.2039463665992 1207.3669803598093 1191.3924301073444 1178.503038446885 1169.6585714521848 1166.9426244506144 1169.6286264871878 1176.607328990617 1182.7487668132108 1185.9815758241984 1188.1851326235826 1187.6445550207304 1184.6272477112127 1180.0904192497478 1177.3638281601347 1176.0358800986721 1176.772295108512 1180.4538124226715 1186.8999932137035 1193.7959488326371 1196.0624735495073 1195.7754802268173 1197.2499001510594 1198.7934129183147 1199.6362494533685 1198.5246410208101 1195.804477329235 1192.7664316738924 1189.3273885994404 1186.054569290312 1183.4625251404686 1178.6826038367085 1172.423686929402 1167.8025735139804
1375.5232014024132 1365.9481995196334 1355.8910626205088 1340.3478299396468 1313.766632290678 1279.438975401355 1265.1782766199701 1250.4489123259034 1225.9471929015508 1200.4764040074583 1182.5773267534782 1180.1403609827194 1188.0242620604954 1198.30705598369 1205.1223395463533 1203.496762005359 1200.0318186728741 1195.724667516715 1193.3696933442925 1189.06916107235 1184.041733807664 1180.1965981395083 1177.1064526566752 1176.7060529885364 1180.2940512310774 1186.2488739102612 1194.0841028959635 1196.2118642761793 1195.5646594361353 1196.138984018309 1197.6587745768836 1198.0043575146183 1196.9681137105545 1194.7058942901401 1192.1436262784594 1189.1370005805902 1187.037531229032 1186.354182405205 1183.9950562318922 1181.0724071526786 1179.5133036510927
1405.5933995759738 1394.7291980390771 1380.6410834821336 1358.4524847011394 1329.494976400143 1301.137843796996 1284.3976272628051 1270.7406805714757 1250.1193324174462 1222.5778595335867 1205.6849122986785 1203.4210739386253 1213.8122351848483 1228.1876208005258 1232.6037352024064 1223.752337710021 1213.021004180037 1203.2671452280265 1196.1652525507209 1194.1269974835418 1190.11918866371 1186.3465092934032 1181.4795996556522 1178.91972223717 1182.7197649309 1187.7822598041903 1194.0617890547792 1196.4389224125334 1196.2563058521248 1196.7446429115848 1197.6187411990522 1197.3150946937521 1196.2731963074218 1194.6865697218323 1192.2132653271876 1189.4618299808283 1188.201788254207 1189.1894935817572 1189.7613275674803 1189.479854061523 1190.041733753341
1426.6796460866663 1413.944796778597 1394.1716322115797 1367.9500844389358 1339.9225032622576 1317.0432760922295 1301.401755908391 1290.2945043525262 1274.6245233149166 1252.123021538477 1236.278152765007 1236.1057687100401 1248.3915863547095 1258.8310357774806 1255.6981717593692 1239.8430937317514 1221.340335982284 1208.295367098488 1198.5770162470262 1200.730594798995 1199.1078017884483 1195.7427052312737 1189.5486510060787 1184.4107984363109 1184.0822294782643 1188.8998108615785 1194.1240663019912 1196.9628346679515 1198.1877108906633 1198.5493060022065 1198.1679396452762 1197.3128682326364 1195.8457664247203 1194.8154154114145 1192.9457409216989 1191.2230701163983 1191.1202037976254 1192.3672336110753 1192.411686515439 1190.4387080499541 1191.008986003013
1442.2380906608614 1427.5055512880083 1403.0046538601664 1374.4600266766706 1352.553355565926 1335.0345554930796 1321.4485237107515 1311.3731888863397 1296.8683571613471 1280.380800422491 1271.9534047912928 1276.9452624417615 1285.9232966395346 1286.1969198700735 1271.8377038875697 1248.2312549455737 1225.865920370835 1212.486999147898 1205.8826963480888 1208.7338679366574 1210.0136770803692 1207.9407503637294 1202.450695721996 1196.2220203534093 1190.8308972899129 1190.8746779931982 1194.8497146135803 1198.5601593519914 1200.6091237848286 1200.5213292855465 1198.7081511409394 1197.093932647847 1196.2394396196191 1195.7864738683816 1194.5613746839454 1193.6049985637192 1194.2243550009475 1194.5874562645315 1194.1393953107877 1191.26824379541 1190.219901177277
1454.4493691105502 1438.3296942379013 1411.012387885535 1383.325348251407 1369.0621858381767 1351.8312923809106 1339.5664338435313 1329.5470767130516 1317.5534042795707 1305.5687121227306 1302.878878396778 1308.659525569142 1311.0969854246903 1301.3722599924197 1277.1717255904757 1249.294974661797 1227.5009330192468 1216.4218918790648 1215.5792949309698 1219.3614827361184 1222.3184374941684 1222.3812197456195 1218.1297033484973 1210.9588480365512 1202.8206651418711 1197.6942785215535 1197.0641018377144 1199.3027319548828 1202.7851660928225 1204.637743801316 1203.4665938129408 1199.9791308436863 1199.0800256709763 1198.9094731839743 1197.4450872011744 1196.8759223987304 1197.493074046981 1195.4588830383607 1193.206295481727 1189.285890320166 1185.2924415411649
1462.2474680764947 1447.3109227836753 1424.9741759815442 1402.063743070648 1385.1043222029066 1365.2959467441044 1352.7910416588074 1343.9225018665895 1334.4732101849543 1326.4487920980844 1325.911151670457 1328.2567226342117 1322.5702537408865 1301.4316980041494 1269.9525751605527 1245.5922627590312 1229.3935867994364 1224.7643947572356 1228.1481776719427 1233.9824573594392 1237.513521929668 1237.6789452986354 1233.8376645368724 1226.1710421860648 1216.508195153475 1206.9353709927266 1200.877301332472 1201.0128939869521 1205.2473581961394 1209.856585266985 1211.5271387278158 1208.4649264967104 1205.1602500576619 1202.637754120059 1201.4969129674296 1200.5870039897159 1197.9710601876131 1193.9657245967774 1189.343403255708 1183.1378875757034 1177.855272884814
1466.6601870806107 1453.6606958933937 1438.7379966965743 1421.098340473243 1402.6553975061292 1382.966074898271 1367.7103760315067 1355.0765551821228 1346.1065874797393 1340.0775207806869 1338.0928911868125 1336.2875650056853 1321.5593990801758 1291.8691544452763 1261.511049414163 1247.1485126603425 1238.6681882212206 1239.578667255822 1246.7914220180473 1252.4882636408256 1254.3708602086258 1254.073887176101 1250.3802737987608 1243.518844125449 1232.3488727125523 1218.2941088643115 1207.8493992394856 1205.3070000618543 1208.9083087783197 1213.2686376054223 1214.3821022822603 1212.3164679197034 1208.6839826011337 1205.6731956797573 1203.3139045797323 1200.4232495859812 1195.9249708641923 1189.8530915577371 1183.0437904964765 1175.7223311099342 1169.8844906597215
1468.1944044741533 1458.1159294259107 1448.4733552444209 1435.366300729033 1418.6641716890922 1399.6481805291003 1381.281425434692 1366.2696535835942 1355.7235042252414 1350.0958461322448 1344.7851840010471 1335.4813192022418 1312.9097279653433 1283.1384253782276 1262.3726780525485 1254.6290571133814 1252.152466634459 1258.414011029692 1267.7474272213099 1271.6301515354867 1271.6422200025129 1270.6655279469035 1268.8433971072582 1263.036360449855 1250.0592582499316 1231.952919943779 1217.692635472398 1212.172426894567 1213.8375646867387 1216.1756124227213 1215.6939634917062 1214.156428930384 1211.1341469138347 1207.5043493298615 1203.7129253831572 1198.4355067214715 1192.0713581968819 1184.7793807640332 1177.162277853752 1169.9581490250105 1164.9981962974166
1471.164123345909 1461.4266617690048 1452.7965631260874 1441.70218711073 1427.0539606458462 1409.337268789953 1391.9435570645949 1376.9622316162572 1366.0154958064502 1359.1317037245985 1348.5131987837276 1331.2876006314443 1308.7309877890957 1285.8906289143383 1272.6868480611406 1266.8253179949797 1266.4978304627225 1276.2799590731495 1283.817521063268 1285.4820213603648 1285.3462136382204 1285.88142608193 1285.717008787253 1279.8326499763346 1264.9071761199561 1243.9614272847834 1227.3968516365353 1220.5598214893666 1219.7602750958652 1219.2023331331263 1217.6101573692913 1214.8232839003574 1211.1965312952907 1206.685838594427 1201.0192629349774 1195.4496262510652 1189.2317433585604 1182.2974733232334 1174.9911005350257 1168.6881467437345 1164.3632702953555
