notebooks/.ipynb_checkpoints/sithas_redraw-checkpoint.asc
ncols         369
nrows         443
xllcorner     5413150.0
yllcorner     1735500.0
cellsize      50
NODATA_value  -9999
[rows 266 to 284 of 443, columns 168 to 209 of 369]
881.0618995682296 889.9403955763662 898.7013479355201 904.7980666308665 911.8360898351568 921.2419565094178 931.5276676122688 942.9867499531176 954.0863629769583 961.4219275369896 965.3578504005573 967.0106847537969 967.7750869024367 968.3872410081186 968.8564847863238 968.4890898789431 967.086014520554 965.7343356604406 964.9479066363031 964.808008134735 964.6139583548153 964.0232758215986 963.3212399058211 963.4338680843881 965.774818436206 968.8403089772099 970.4032306078798 971.9220015326395 975.3312296423112 979.2427508589151 984.3776670025497 989.9521919945505 995.9661448855823 1001.9231781337572 1006.882670321573 1010.6300502484876 1011.9342592290714 1013.1726101940462 1015.7145845717278 1020.3605702718096 1025.536706012228 1030.162793714314
895.2936490427048 902.899361812707 911.3703325545519 919.8164682777813 929.0809039592116 940.7870619526332 950.3386239364681 959.364165870254 967.34721091048 973.3708509764335 975.6153624764543 974.9976656314411 973.138701357232 971.8032042034688 971.855675185936 971.8667795033009 971.4654203472714 972.3273019627306 975.0193198836052 978.0124554363947 980.6896570982194 980.4958446512735 977.0751137061236 973.2079085147741 972.0517595012195 973.3148592671228 975.232664447528 975.8387046783809 977.5189428819498 981.128692028865 985.9625492070818 992.1394217419529 998.4465274936439 1005.0777483752906 1011.6543642679846 1016.8416119853184 1018.9858199409815 1020.0403129693232 1022.6029879804969 1027.0197217536693 1031.6073199084938 1034.3678813175407
909.6770481172082 915.9131166510899 924.3156701103562 936.2418485885948 950.570683406612 965.9842797704222 974.9464764069992 980.0708237340525 984.8352817597861 986.7872520158139 985.6402890869344 982.1985250868277 977.861733848533 974.5427255722038 974.066971484313 975.6500694171509 978.856584028764 983.3226482083337 988.8616264080472 994.4055152496728 998.516603897413 998.8446853288747 994.0142766951433 987.8357188646428 983.7741335971683 984.1047738569052 984.096571975613 983.4507624918558 983.2849867146002 985.7231000041907 989.7635836393938 995.4690146249677 1001.778264636444 1009.259130603913 1017.4559017765121 1024.3675815554273 1028.5149788062224 1030.686799969665 1033.0554541270653 1036.8665784365169 1040.6114011190489 1042.992417269275
924.2467667076874 929.2810644224808 938.6972061543503 955.8592009082159 976.9597659104743 992.7191384238482 999.6314652979809 1001.651190512736 1000.4623909649954 997.7182274510939 992.3179057175304 986.639241675749 981.3193972598535 978.0034306635857 978.8013782777646 983.9814546040483 991.6718140969542 998.4918785299842 1004.9652522227282 1010.0425289727727 1012.6575963662747 1012.5660792895904 1007.5132526553509 1000.671048877155 995.6347434533733 994.8784912130195 995.0450778683318 993.3973757573131 991.4737417219992 991.4623441629751 994.7913279433765 999.3664804667194 1005.2399861561742 1012.171361791107 1021.546267460816 1030.7247797497332 1036.8207624145714 1039.397846085505 1040.7420984889611 1044.6400201640604 1048.9336320506231 1053.4715186265728
938.6628327788815 944.2718659675029 956.0055238611382 974.2113835919756 996.8751150741882 1013.115150718035 1017.396708026974 1016.6263389903315 1010.954642883335 1004.4213777452724 995.9329425374507 988.6070414614412 983.1354839914425 981.992520516681 986.6489287867689 997.0269313405147 1009.8452394163448 1015.2908911185367 1020.0709560673581 1022.8791192814202 1022.6747855084684 1021.1595901167595 1016.3319312622828 1009.5313371184088 1003.6450865630842 1003.016148579226 1004.0852198414987 1003.5992214088718 1000.730848697581 998.6395997661846 999.818314191695 1003.4628749490568 1008.1629571754918 1015.3485780044978 1025.5467743560366 1035.4387329836786 1041.2648186880206 1043.6747811832784 1044.5054489127126 1048.1829855122091 1055.391573899662 1062.326068195362
953.4324998731734 961.510881617808 974.2207519987887 988.6856068924005 1007.7030611603633 1021.9004853785474 1024.480949156302 1023.2463938596218 1017.4701204477631 1009.2071091938934 999.6125381530036 991.8136201715281 987.3015829180001 987.6426476532963 995.0346446777721 1008.4656954603226 1021.8247644994165 1028.3226188560584 1032.4721838952723 1033.6913696969716 1031.694746830583 1028.6365396530864 1023.162050780302 1016.3365394284262 1011.4444330733484 1009.8563396167376 1010.8188839744942 1011.4494963354609 1009.0745018948813 1006.0781156581918 1004.5562412578596 1006.0096799914004 1010.8187154191553 1018.2017451587334 1027.9717820661338 1037.5426401992358 1042.6442604948074 1045.6911868564425 1046.1005209950254 1050.2293869117636 1058.8508726062914 1067.3114079217462
971.1443398043231 980.5367539152905 991.3998620427975 1002.6537042628922 1013.9061338919023 1022.9771332592697 1027.7701793019432 1026.918993471168 1020.7934405001773 1013.364112640042 1004.508586424747 997.1369923089555 992.7256114205105 991.5149396949853 998.4702658887504 1012.9937361852382 1026.5987762847503 1035.4393697947226 1041.261216424805 1041.9374099794627 1039.9641305014122 1036.4516573991564 1031.5594520906302 1025.3648692992092 1020.7363414624392 1018.9196022395557 1018.6399034241283 1018.3353888075296 1016.6396382965655 1013.5642408165983 1011.0716825069151 1010.9395480465579 1014.7941639270346 1021.5495209940718 1029.9183920815951 1037.7881499939713 1045.038062875562 1049.3023241223666 1050.1250904901044 1054.8160016608958 1061.582187002804 1069.279104454289
990.1296371640891 999.1439104405088 1006.5959484890848 1014.1789701861353 1021.2511593204601 1026.608623027173 1029.5930441352532 1027.9430281274538 1023.1580861380787 1016.516433547092 1009.3997191542758 1002.537470845029 996.7450335298176 994.7463707441937 1001.2750679029036 1014.6624394080604 1027.8562552051626 1037.3546060841795 1042.9597222306468 1044.9967518739504 1043.990036671296 1041.793705428138 1038.4060200569702 1033.9404472869464 1030.4742311592179 1028.7734376278027 1027.5350841577501 1025.7165076932324 1023.6513452413233 1021.2816044480566 1018.4763111019006 1017.4699921969659 1019.6267491058285 1024.694318984606 1031.2524031716819 1037.4742630029293 1043.7481125656236 1049.9767519719135 1055.0193164896518 1059.7656736662893 1064.3019358747852 1068.6802198588455
1009.1222356864114 1017.1538396993643 1021.917562371657 1026.171149845651 1029.656832367064 1032.2297338553567 1032.9786996954515 1030.9149505253365 1026.0539237161872 1019.7906379850485 1012.311058406302 1006.3644519097247 1001.6110541905339 1000.0036276112432 1006.548830296211 1016.5168503169482 1027.2569580078125 1036.7224670229225 1043.0978514177527 1045.8104426568675 1046.118193253227 1045.2014729797604 1042.849625357526 1039.4348962957206 1036.7586925642292 1035.753039846307 1035.3692886292226 1034.3782495491116 1032.995170140926 1031.2484171268025 1027.9849374642954 1024.8798302812538 1023.9027405991385 1026.2159188312032 1031.2512634036095 1036.8847466570587 1042.467364405455 1049.1242358543186 1056.2996016792629 1062.3112571022727 1066.0704673797245 1068.1219590077758
1022.7247291218866 1029.8316964749536 1037.348320303137 1041.8470160342326 1042.0659774903766 1041.049876647639 1038.9109324220656 1035.4325841928455 1029.1378359931934 1021.6656267082492 1014.1402577192528 1009.0544497297685 1007.6305896048938 1009.5061431596132 1015.0910787088776 1022.1543338803633 1030.1642853707976 1038.0855176212335 1043.9811031902304 1046.8701950179504 1048.0641082901527 1048.1719721667223 1046.6197187070811 1043.156504937087 1041.2130673776658 1041.6145063558583 1043.1888768450813 1045.4261525299685 1045.3837538951984 1041.433444701815 1037.8155676828987 1032.0681170444354 1028.2563354388794 1030.0441289808753 1032.3288609027054 1036.2483550641982 1041.1120844847646 1047.357576315313 1055.5808229667193 1062.740475906438 1067.7448620644527 1070.397982873958
1030.6386214316774 1040.9869766005588 1053.20360364291 1059.410597416543 1053.594559511356 1047.418048063824 1042.9917878937679 1037.5267980551507 1030.3512104421425 1021.7716970948118 1015.1576329408426 1011.7386567280743 1013.1543690562805 1019.0566534964616 1026.6674414056176 1033.6715464679028 1039.38778435513 1044.5029827687285 1049.2332636472215 1052.1669546350251 1052.9701309247178 1053.5551285645884 1052.4303031359914 1049.1000091205221 1047.6410484206262 1048.5313191843775 1052.008703862568 1055.7876687203334 1055.413335868021 1048.940160988639 1045.5305463524155 1038.9044456115755 1034.1803479847115 1033.4659119858572 1033.961551734469 1037.6117571330487 1042.266192633846 1047.7906488066405 1055.3166218891715 1063.1864319508209 1069.5498060200953 1073.5325267180733
1039.2032887713508 1053.512746799066 1067.9966951453164 1069.9122643796554 1057.7199604674154 1048.4312351297888 1041.6323814155153 1035.794157774552 1028.9800543933184 1021.5319453292752 1016.339422545818 1015.1597842577821 1020.2098995232433 1030.6054800874697 1042.1997604370115 1049.7144794582575 1054.0809544154572 1056.3699435832336 1059.2660882606267 1061.7002778616009 1062.3700893236241 1063.5336995569073 1062.1119884230334 1058.2034308155128 1055.3251691545756 1056.3376592079303 1059.7781449312008 1060.667609647194 1060.7943580580054 1056.747289693133 1052.2458184757586 1046.9447520001333 1042.9561744832104 1039.2227191095767 1039.8591068812777 1042.8517175994302 1047.0847024858367 1051.2733764648438 1056.224899623705 1062.5706569126673 1069.8414837381115 1075.4833497941863
1047.637971217139 1061.421729312023 1072.927269672643 1068.1975329467502 1054.9537846288638 1044.9050246069444 1037.630722410639 1032.7527862511492 1026.6379837963782 1020.8470090244666 1017.6735593270564 1019.1704752954546 1027.2670752426425 1041.4228868188325 1056.1371732424952 1065.5589669728574 1069.758466183881 1071.755934225779 1073.1667398876011 1074.6338717523274 1076.593575303666 1077.851439826573 1075.144468500276 1069.142490328805 1064.877742205145 1063.1949589630763 1062.1683046788612 1060.065264053675 1058.9546282477643 1058.8870069653485 1057.4736399120156 1053.6092453606043 1049.3633413546372 1046.3501035796928 1049.000499794987 1050.7109630921454 1054.5803049993272 1057.5963885585352 1058.987656087676 1061.7429363696606 1068.5961365171147 1076.9305967334162
1057.1693334710499 1065.0016005889588 1071.1109226599447 1062.4769879496753 1050.9904167710915 1041.3340836784696 1034.7400923502237 1031.4936869258868 1028.030138661582 1023.9889206777694 1021.4382651307678 1023.2455277388184 1032.8910616001076 1048.9109855061665 1065.0307180748223 1076.3466609069546 1081.4993584703057 1084.227253993397 1085.4014734246289 1087.7197244279064 1090.5240576708356 1091.353190667073 1086.825476607831 1080.639683191237 1073.2409708980513 1067.7369022107316 1063.9084035814897 1060.6146374369844 1059.9863055053456 1060.9752713990888 1059.165806780915 1056.4641175358934 1052.5900820088257 1050.5579745477366 1054.4872169315129 1057.3738635892632 1061.5851390084013 1065.354970598499 1065.6522720583903 1066.8103021068487 1072.1248846730782 1080.025364532413
1070.988507917545 1073.3620338892274 1070.6707395686062 1060.19703905223 1049.1316836425503 1040.7990415541885 1035.9350231995627 1034.8357756801543 1033.3163393215564 1030.6341383388524 1027.9850186865453 1029.0851740651315 1037.0010258627772 1051.9348123465334 1067.4059326154645 1080.4243407246756 1087.7632018250304 1092.2553548527464 1094.8686020440261 1097.359288685743 1101.033059066867 1102.0141341663361 1096.944260427603 1090.4073090340576 1081.1675036283348 1074.098680044957 1069.007358062072 1064.9108471646946 1060.9625905326097 1060.574288948184 1060.0009164147832 1059.3823440396673 1056.178617885596 1053.1273200812143 1055.9977027725054 1061.3463913687606 1067.1071170610871 1072.9582349539205 1074.9228935133997 1079.0909220707879 1082.421144852727 1086.128259457416
1084.596612259333 1082.917035531306 1074.0569195452101 1062.511666203676 1052.6943353946965 1046.8140310857914 1045.165840671624 1045.1893860989087 1044.663750167263 1043.1106915178655 1040.2548265922046 1038.548780393537 1041.7575601771255 1053.0656238349843 1066.825040302101 1077.5240023817785 1087.4472397312975 1094.864955158259 1099.5472310384112 1103.3096699570162 1107.3241659171965 1108.5580004012313 1104.8118914075203 1097.7040261631737 1090.0973185060518 1083.8026560405178 1079.0296180232547 1071.5704688221722 1065.8151965637605 1065.1965237442837 1065.1210202303796 1062.9067150211458 1058.4670245707111 1055.021619472579 1056.60029867421 1063.4580818146114 1070.6768058605971 1079.5004753494763 1084.05024327214 1089.1824958107684 1092.1281763209965 1094.0448269900592
1091.3204535253299 1088.1858707142933 1079.4024237861254 1069.788455525877 1064.94285860067 1064.453569750765 1064.1396819792647 1063.11775114324 1061.7745518941965 1059.6557658730576 1056.9736754555452 1053.2997655698005 1051.0136419318162 1054.781506205781 1065.0066056570136 1073.3665873396312 1084.059573218936 1092.5486003919532 1099.6420551962756 1106.3366165161133 1110.8710684823873 1112.7551612502186 1109.6790959541124 1104.7771293701883 1100.1248974361233 1095.8526474306323 1091.8185655481504 1084.4331384346845 1077.7272755647812 1074.6860981630152 1071.9429463911208 1066.9197356476975 1060.4845892836006 1057.2435838400297 1060.5191978800658 1067.137557123243 1075.4138492215898 1085.4668475653118 1091.9952939171899 1096.5809940486758 1099.3057590903209 1101.1726993853013
1095.601477012871 1090.3093831920137 1083.3326861630853 1080.682929613575 1084.1131173666415 1089.0674128949731 1090.0594567245566 1086.7753675235715 1082.3806601405338 1079.1355137558448 1076.2008831297717 1071.6402281659387 1066.0784291332548 1064.6056580503127 1068.75024856059 1077.0365555460066 1086.3187687861453 1090.7393539122845 1097.79922627945 1107.9418139164222 1111.9664710382497 1113.092152527131 1113.3607452754445 1111.2335076830198 1108.6626948093303 1105.847576149973 1101.6824026339336 1096.411443063056 1091.5994760695312 1085.8094961833033 1080.0273076277674 1072.4485415475372 1065.1329037942567 1063.5002092870864 1068.1553342701818 1073.5354173036699 1082.8259481713299 1093.039709051338 1099.3087123308658 1101.5452301223554 1104.2165394658625 1106.146350179938
1096.9121293179758 1091.8209621832236 1088.6530697070652 1092.6581601646014 1104.0761169284253 1114.513172334182 1118.0669863912851 1114.7649433072081 1108.2049573643067 1102.479564111739 1098.1998606272025 1093.3933810724636 1087.0522477939573 1083.2922066376746 1084.1739045338238 1090.6798902397072 1096.483254172585 1094.528460694508 1096.0326290952717 1102.6388186500187 1106.477400972326 1109.302166241431 1112.9422907600424 1113.3348539622743 1112.957020244602 1111.8362773648992 1108.384259678248 1103.542425101431 1099.702140126012 1096.8216732089045 1090.2764360258047 1081.6932057776112 1076.2093038302273 1076.0928628936945 1079.0874509289058 1084.5523622592873 1093.2414364045608 1102.562300828718 1108.3682119899743 1109.2314332243682 1110.5269288304116 1112.753739239064
