notebooks/.ipynb_checkpoints/sithas_redraw-checkpoint.asc
ncols         369
nrows         443
xllcorner     5413150.0
yllcorner     1735500.0
cellsize      50
NODATA_value  -9999
[rows 228 to 246 of 443, columns 210 to 251 of 369]
1000.236754818239 998.9375920739974 997.5247123599074 996.9888239974874 997.364233499818 998.6401737176516 998.9978333093925 1005.1248186823339 1011.5568252928217 1014.7631330240608 1016.317324336271 1018.3521114574096 1022.2889685678363 1025.4941722856229 1025.7054452319926 1024.855822232356 1021.4238436207268 1014.4597257172211 1005.6338275526732 996.0232667641162 985.2085101965702 974.8954227173954 964.8675395865779 955.4588216942808 947.0974056201535 939.311430170198 931.997580403508 925.5083967022542 920.8188574410599 919.4819762066396 919.6716794071955 922.5597399010311 929.8984090301382 933.7596123708119 938.1174109825281 937.4681907580575 935.6604505812136 935.5248426821145 936.8539810798136 936.4008007325987 931.9259986023028 926.1983257410732
1004.2860442042552 1001.4099597920138 999.9832954988312 999.733747256132 1000.8221655511236 1000.4479656542579 1003.6599917721437 1010.9341980790364 1015.4482930407964 1019.0464899212811 1022.832988995337 1028.1537636563576 1032.9485762093714 1034.7312443871608 1031.6956190543278 1028.9896813429796 1022.4268826700618 1012.6334257045082 1002.8725174915176 993.6121423442373 983.9387148572252 973.0861943103308 962.4162327202616 954.1854002762489 948.9036595879268 943.9560535663537 937.534755708941 931.5024893182874 925.4506136712755 922.8942924189337 923.0698778786812 924.7989343818737 928.5625952317309 933.031016973908 936.5488489712113 937.9834966417222 939.8929097171829 941.5507746545154 942.719448759487 940.2561986558119 934.6179941307684 929.6654528548393
1009.7103021464823 1005.4312273474618 1003.2235335801116 1003.1680148911076 1003.447388151956 1002.2846185873395 1007.9983608505045 1012.8220661758546 1017.3261029534078 1022.4051150446352 1028.5837279480772 1034.9689252448804 1037.0895180999278 1036.989418986152 1034.3148502613356 1029.1190500587882 1020.6855305650693 1010.8648797840627 1002.0316114951586 994.2838296895644 986.0340439106994 976.2162804110852 965.625672529764 958.3849265200706 954.468427849426 949.7285150484515 944.2086114694949 938.6550866824723 934.0636988703914 929.523043924192 927.1681140947765 927.6958058445373 930.4180760813504 934.120514822841 936.765389380517 940.5641721750233 944.836616126961 947.8181225392367 947.4673421189494 942.7045985515701 936.0996504298446 932.3409092287638
1016.093281746449 1011.1513707246927 1008.2281275655329 1006.7485227475345 1006.1114364572328 1006.9085524289951 1010.0695678550107 1014.368250459326 1019.4580751954331 1024.4179655595976 1030.6628082838297 1035.178780827665 1035.9784838810897 1033.9561321065407 1029.440177758086 1023.347367481797 1015.786851966581 1008.4068458258445 1002.34827286677 996.5576410884128 990.4844248883135 982.2912160771814 973.0259457255586 966.3394461965102 963.1340250007718 957.6072163189642 952.3271352953543 946.9164123930051 941.5816898701354 935.9749051924593 928.6721243446389 928.1699481829846 931.3687972239848 936.522162477826 939.5826748374625 945.3605639807541 950.9179841832611 953.747967944943 952.3621412751455 946.7582402113533 940.1145365338259 935.9229137518299
1022.5916289076972 1017.2869025520655 1013.1755124420046 1010.7624479753697 1009.4078515395815 1009.8192387607256 1012.6597602452214 1018.1475415738676 1023.3358654278541 1026.393413558779 1028.9303990541239 1030.1278417836065 1028.2349804060264 1024.9254112092876 1021.2990225690157 1016.7757644954879 1011.494120601609 1006.8695128670795 1003.2558678789101 999.2282969961054 994.7127116810191 987.9667598287107 980.9574729708344 974.9173305647174 971.2778719272536 967.0289469783013 961.2775862019051 955.5983089854121 947.7980009840412 941.8168879573053 934.8098313403221 933.333972930908 935.563444567292 940.1481246948241 944.9764701029058 952.2893122345088 958.1274881777554 961.0033571899171 959.6536117372775 954.7731702751792 948.5162835102306 944.272316883675
1027.302876632406 1021.5192543448375 1016.5034951156712 1014.3213882367309 1013.2730399816919 1013.9510977134939 1017.2997192951462 1022.6082811533295 1026.0411500792572 1026.4744433606386 1026.4054048589544 1024.827484490215 1023.0910259112561 1020.5970168182815 1017.2280287969679 1014.7278333351974 1012.001222259016 1008.9850976323983 1004.9980904873358 1001.2365554469959 998.0823718479701 993.6181739901904 988.5393986672348 982.5969454289469 977.4292528140617 972.7340056456887 966.8780722134355 959.8220512713951 951.810899146102 945.995098402288 941.4650687460573 940.0209619747185 941.5864224009384 943.657378376394 949.0311299357602 958.3833747926949 964.9884066848279 969.0304316210695 968.9310472065863 965.1413384392147 959.6647483083277 956.070388797894
1030.6350976393628 1024.9167473891932 1020.33479333781 1017.5477310667462 1017.3392471882127 1018.6490538733703 1022.0372333465582 1025.6010553412757 1026.349969732858 1025.831838005033 1023.7809910974372 1022.6624502156518 1022.589827118408 1020.1611587643602 1016.450964484133 1014.3943756479744 1013.7504534025818 1011.8077862131244 1008.926447395369 1005.2136769021004 1003.2952822730654 1000.9571480847068 997.1083926648355 991.4235545667622 985.3988184872348 978.4612456705302 970.9966030081359 963.0821822626137 955.4825973482024 949.2150445267147 945.2679832798824 944.3574317603286 944.587858109965 946.5667131906082 954.0634941533306 963.4122853709009 970.9655300996944 975.1084146023962 974.8923423245826 972.1451741259311 968.591421769564 967.1738348116694
1035.3659679987952 1030.634446894227 1025.8019227986952 1022.3322325027439 1021.4698895304166 1023.0330473352191 1025.4964523616986 1026.6767666007354 1026.3597897659379 1025.5940117214038 1022.7041452753551 1022.55927736809 1022.0025912779727 1021.538067746068 1019.1115442466627 1016.3396929283724 1015.6925329340843 1014.844601023204 1014.0827530786048 1012.8021742596186 1012.2716835814635 1010.8399332726087 1007.6885257507702 1002.8208501601475 996.4721224271663 988.0133581048415 977.5879690470767 966.9595098134691 959.0487401952588 954.04150547327 950.4658889641266 949.3589290896757 949.7672070396072 952.6481525619308 958.5550690128061 966.6649846712925 974.8106870904336 979.5507718069549 980.155774892487 978.463681180621 977.2370303114681 977.5666018270085
1041.2856764273747 1037.7649975027625 1033.54425746143 1029.7195707465125 1027.5375388267685 1027.2293846034158 1028.079353055374 1027.828108692941 1026.8543235768757 1025.613964443397 1023.8676757898659 1024.0672090007338 1026.6845191655445 1027.7598127957096 1024.843541471832 1020.7034232622259 1017.7732572420916 1017.9008330322358 1019.9192361111877 1021.7115226356452 1022.3745295536982 1021.4298355271984 1018.4813536908383 1013.6538972271244 1006.2548823084686 995.7639307036095 983.4547047456194 971.5664961570941 964.0315817458336 959.8044792942109 958.3347488595741 957.9963104439032 957.6722598687057 958.3268502994869 962.0301581163225 970.4240526227698 980.4590111590137 987.1510865807242 989.5753249475874 989.7104896072968 989.1852886372985 990.5732874411681
1047.38707117547 1045.4467475972963 1042.530688914251 1038.2846901446842 1034.9933356599754 1031.6651244713673 1030.441415606886 1029.8671230529405 1029.582379417771 1028.69989206453 1027.1156047273214 1026.6254114064482 1029.2969051025782 1028.7543572853588 1027.129111975123 1024.9874810359358 1021.1739671859007 1022.2803028522405 1025.6252558108845 1028.7532119722255 1030.1935697613337 1030.0368882912867 1026.0714357973109 1019.5702941096841 1010.0684000887977 998.3180330636563 986.5148620950105 976.7119119383173 970.7762526489348 967.8627287956048 966.9633195885328 966.3468784865024 964.367701210411 963.3621655910582 966.9862963739096 976.5517261640821 988.5409419438311 998.115388254201 1003.3046121624209 1004.101859350292 1003.5569543420265 1004.0570494488265
1052.4021051838731 1051.1274625497103 1049.665377082157 1046.5230187190446 1041.596796924283 1037.0004161444847 1033.271452702889 1031.99016957038 1032.6243001290595 1033.9732532598148 1034.009178467486 1031.9334348423342 1030.4135101249433 1028.919348856206 1027.691171345638 1027.068346399429 1026.0219956865963 1028.1916892871823 1030.6433193178784 1033.084197050296 1034.4894119857195 1034.1468677617681 1030.7199043261003 1022.509649855077 1012.0076998296529 997.9067565125306 988.9463961411168 982.3017887156402 978.451717779503 976.4475700404265 975.5371653784605 973.8841727766727 971.2155241877396 970.1557557802291 974.4849151749181 984.6794258906027 997.0011116557707 1007.6066604476403 1014.9336028484082 1017.2403724773799 1017.0158129174582 1017.9462640074131
1059.6994740080295 1057.2278821942675 1055.3066406652076 1053.3658137516227 1048.7537828226805 1042.4409709020722 1037.4441623612354 1036.5455444547024 1039.4593139769058 1043.6540049526527 1044.8669065090974 1041.954288960131 1037.2703127352142 1033.144450955397 1030.1957454555745 1028.9092026108651 1028.419806469099 1032.5948395458918 1037.5193045996866 1037.8603697262888 1036.4676021229136 1035.504739080336 1031.8603451694896 1025.4028879323969 1015.8733466579349 999.1498950159125 991.948612580029 988.6642505359271 986.7857247102555 986.5920972082765 985.7874237985318 982.6381260566557 979.4482954676125 979.4091403167077 983.7856579203847 992.0125295566156 1002.4797011866712 1012.0794481873041 1020.012688557621 1025.4515144740167 1028.4382340100753 1030.4894003032534
1068.944875087124 1065.8522682383798 1063.1044821183648 1060.0504436065712 1055.2893397458502 1048.7553574676772 1044.313817591984 1043.2271365785518 1047.5460555171553 1053.1152237745498 1055.278944834374 1051.7385338715592 1046.0384167197867 1040.7691524253598 1036.4943093591191 1032.8255647285587 1031.184872185513 1034.5750492942461 1039.279954958743 1039.0998193894136 1037.8357934332512 1036.8048322028906 1033.2410248796436 1028.7364589519564 1019.8867978297584 1005.9726646182094 1000.2085367895979 998.6092308592979 999.3243382283572 999.8130430418645 998.2208654948281 995.0480292047591 990.864153231063 990.7710089120803 994.0082337609032 998.7362039904572 1004.9187114865634 1011.895028280714 1019.7855382338096 1028.7834973442068 1036.297905549836 1039.5817851392019
1078.7570100134874 1074.7476357794426 1070.8984102306226 1067.1558591303078 1062.4929141190548 1056.9134484522092 1052.3919689624338 1051.017456509177 1053.9563696940425 1059.2323924688749 1061.416401316526 1058.926679106098 1054.2060678784687 1049.7551569300542 1045.4671923800552 1040.1389427831252 1037.0396241070118 1037.025472558063 1039.3414333866924 1040.3077652283405 1039.3671837348443 1038.6082145910623 1035.6215241667512 1031.2208945082111 1024.197192790345 1016.3838495430065 1011.6240014798352 1010.1731726023384 1009.5560080831431 1009.1231803258619 1008.0484410118477 1006.107899849459 1003.6713084216038 1002.0741586615175 1003.3216016221221 1004.8036372724862 1007.3935544354845 1010.7907641016113 1017.4404723362893 1027.9326746298188 1037.7024638360667 1041.9436998588094
1084.452239711653 1080.5068310824304 1077.2884926375034 1074.1459480241126 1069.4876685836275 1064.3372067380215 1059.304023672312 1056.8974677842816 1058.4601336952524 1062.7118339158037 1064.7318151134027 1063.3989582948489 1060.157468172917 1056.4809234148133 1051.901869369096 1047.4123328015244 1044.328822808864 1042.999595476951 1043.6865234604757 1043.5104106240367 1041.0383978509283 1041.240148467127 1042.7060895187801 1043.128020272379 1037.2873389432366 1027.2599108261775 1021.194424063971 1019.9518400472634 1020.5477368372561 1019.7505748913194 1016.8846417051368 1014.2110903872932 1013.7280539611893 1013.4450815395735 1012.2712505131635 1011.5477855746271 1010.7601646396054 1012.0443161236191 1016.7122359359282 1025.5268537218728 1034.3298128064512 1039.8809255624749
1085.8359333284602 1083.5923164255669 1081.4761294927298 1078.7236190478545 1074.5599628062923 1068.8878928690156 1064.0507769477854 1061.3169841303252 1062.131930544577 1065.9756590356578 1068.3462386875306 1067.3872053267344 1063.7740123209567 1059.6314158864147 1055.6009871405486 1052.3427984250955 1049.9309442679178 1048.4455712984538 1046.5454904565968 1043.7493336657985 1041.614557208437 1043.9625439413205 1050.3367222377228 1053.4416911475025 1044.804263180446 1035.594886482536 1025.2101478871036 1029.049934999655 1032.707280041784 1030.6084185477685 1025.340636586685 1021.447103721867 1021.624262365495 1023.2677424603344 1022.1571354678451 1019.2653777705686 1017.1920223347372 1017.7518557967292 1020.7330851282929 1025.9646123354432 1032.3134472468423 1036.8896542238062
1087.2867626877305 1085.2861137627074 1083.7627453537461 1081.0078677538759 1077.1159003595387 1072.1573142294558 1068.0494354437594 1065.715557027307 1066.8741520472934 1071.3675582601413 1072.672498051424 1070.7472981991975 1065.7109100152247 1060.9348980921395 1057.751281359181 1056.239339129525 1055.1098793930146 1053.1828837898206 1049.3391901809975 1044.855386485224 1042.6498652866908 1045.7435071009286 1051.996360636646 1052.9976282534394 1048.4635981210267 1040.7796716156952 1036.3663218243519 1040.7788491100996 1043.5330282649636 1039.9204949325654 1033.121968713606 1027.6533966538325 1028.5148450958059 1030.7849067071948 1032.5059719678034 1029.3106818347242 1027.3207547205573 1028.0183740224895 1030.9360082401247 1033.9766233456057 1036.822871332583 1035.6279184566522
1089.6345657716245 1087.3153593112536 1085.491737011034 1083.5611625152997 1079.8698824109408 1075.9706765807955 1073.1025214687975 1071.5113613754033 1073.230108946433 1076.0147551456323 1076.397872063213 1073.350937249363 1066.7703240306819 1061.818510143496 1060.0588633477878 1060.8485685169371 1061.0270667267275 1059.306352656641 1056.0157442328036 1051.1934901969303 1047.8300031851895 1048.8180895531984 1051.4480152385013 1054.1646380482837 1051.9848085199171 1044.4324843027757 1046.3923630171435 1051.206683667393 1053.9523822462045 1049.8049837934889 1042.303098426214 1035.6149605274109 1035.5436792199544 1038.6489103264487 1041.04968090262 1041.1811423772879 1039.5980668171142 1041.51818976895 1044.7083617371395 1047.4451364380434 1047.0174734588397 1043.1783738232323
1093.631194143584 1090.9759366685064 1088.03469559138 1085.728187158959 1082.739467575616 1079.392798372251 1077.429857899863 1076.531443971576 1077.5848986559076 1079.0450532634268 1078.9744027882853 1076.1688898762538 1068.9559147851112 1063.3584433192477 1062.2930253623188 1065.0244683930366 1067.1341068031602 1067.7396917933686 1065.6450584924264 1061.5797155830069 1055.9088518547287 1054.1900495647283 1055.1049625361545 1058.4028530196238 1056.2428068178601 1046.9482143638318 1051.9558835236921 1058.6790894720707 1062.9032390328105 1059.2535950832844 1052.085842127542 1045.127269106577 1044.7156968148167 1047.6012835094261 1050.088246060297 1051.7434845674334 1051.1122543676722 1052.858498303158 1055.848616568624 1057.9884961998978 1055.6023427890377 1046.9181232175965
