notebooks/.ipynb_checkpoints/sithas_redraw-checkpoint.asc
ncols         369
nrows         443
xllcorner     5413150.0
yllcorner     1735500.0
cellsize      50
NODATA_value  -9999
[rows 114 to 132 of 443, columns 210 to 251 of 369]
-1.460994857850145e+38 687.0945199305517 678.221553214454 664.8701469116959 648.8095858828981 633.6218127123768 620.8227828729629 610.0694898084441 597.8215937629695 588.1405939554149 580.347211280965 569.8056833319985 553.2930063024744 534.1704553531966 518.2747745294927 503.1882761616552 478.3152940607602 468.22988239125345 457.37955603374286 453.91962303694413 449.8280968108736 435.1714449271675 421.4338991986191 404.6712009506043 378.99730911341015 350.3125611012119 327.93320616584447 305.0569385307423 281.16777580156474 267.64641553633635 260.2936300532239 254.32803741902373 247.98613184902513 241.98840375200587 235.08179153077646 231.12105927771614 234.9095064493844 243.12086046704633 253.25824727927727 261.71245587372465 266.4939491908116 258.46956472434556
-1.460994857850145e+38 692.9993797982903 684.4189744041441 669.7670743178677 651.6852884922644 635.9910518402844 622.8454212638902 609.7350911022511 597.6593307676051 589.7898338033547 582.3890987333776 568.8884006728567 550.3598513115874 531.1565986926241 515.8914786822912 504.70310152054935 492.71429353861566 475.04349684055643 452.0626700674314 419.7214619772775 409.25148748422646 405.183812740225 397.5191985334403 383.8507871541653 361.00470012705694 331.5242790370796 303.17716808954543 273.80340798785653 256.00275002570623 248.57091789741023 245.93005140617964 246.31378709711242 240.21485079728177 229.99984465959324 221.34049561197386 215.64694674064876 216.59346385893355 220.76626013417115 228.39547696751725 236.24041845056746 243.88490648231988 239.13516431067515
-1.0309184494786798e+38 694.5943356928079 685.0226634144225 668.040556451908 649.074948377446 634.1975637687572 621.3545474040403 606.7466247360427 598.1903213337273 591.609291831271 579.7451132184344 564.8034101328608 546.9758011803393 529.0458983096971 514.2900613949569 503.2600594859285 490.5567769352696 472.27868698905627 452.3038134410644 428.8033014577862 395.3172100612094 370.9056147452061 362.1580173399815 344.0239054178896 325.9163233345787 304.06010847955076 279.57310013974785 268.24772269465967 259.62563927160613 252.9521227356811 251.61828706045955 250.14479756512338 245.78234668346124 232.8255897134615 221.92280855686806 212.456120860615 209.2342812387189 206.91515428872282 203.69928767159234 199.71781761812758 206.38374688938117 211.51852572365902
692.6985398128661 691.7941620896906 681.739320688591 663.7010412620061 644.0734096349757 628.4162108609623 616.5871908488347 603.8179590087724 597.5085659310707 587.0169487814437 574.0782648420776 560.5080783753529 545.5047055809328 528.9540515618204 514.6007511678129 502.08510318288006 488.0668373660768 468.70597123839485 447.1633703403046 429.07443967521607 411.8311923386214 386.4384806148526 361.2766322403918 335.18348167558713 325.06258703978824 307.2044223792219 292.9542637837036 280.5389653610995 272.8167888875422 266.35342041534716 261.96290213012105 259.85164541707223 256.5848117184329 240.6946560110991 230.29890385496142 222.63083008707474 215.30126916920193 210.37726410117793 206.91729094514105 201.98508999627256 198.26951904519444 194.39415877223925
684.0570757029625 682.0733934162299 673.3228096340018 656.9619358284607 638.0839291469721 621.8329443756571 610.3210598446434 599.1907352273038 591.0289809207065 579.9170475490753 568.8349951685386 557.0733856855983 542.6185960344244 527.496370180928 513.0024631872882 499.52238186492184 486.78930395030517 469.21542382199925 450.9908785440362 433.2777980769979 412.8910202918113 393.7978449099347 370.549846052518 353.0576155580148 337.8252109180794 317.620897488026 305.30277466302783 299.7564606141529 291.0264956206671 283.10191861846744 275.3458713593956 271.0919705438853 265.6108896760599 252.89898317833502 244.97560111874546 236.46584162020127 227.86703028859284 219.8880871584828 213.5215031749308 207.62508587107536 202.00650665438266 197.9653465307612
673.2139866586778 670.6787325440661 663.1089479879723 649.4862281200514 632.945302855917 617.460094720793 605.554946801767 594.7982120068759 585.1777437742475 574.0278625919079 563.623944323278 552.7169023205417 539.0215456234002 525.8599624576349 514.3535605024397 498.43754413288127 488.24949036168675 472.80261264447785 456.3198201929622 438.03082098889973 417.131976115239 402.88479514331107 381.37910612491567 360.731121893771 345.61890758598366 330.65234974829343 322.20418259376333 319.2264848985889 313.1817005576777 305.7236374137586 292.84877654609954 286.06539996563725 279.4083597261128 268.8638417374809 260.8227955082051 251.9866908948659 242.2578466190314 233.39722564398537 228.16081400561973 224.03542188249122 218.58256786726218 212.37049822750728
661.911186409248 659.0090230054691 652.0864173175477 641.618081320259 628.5309690995651 614.6449375881352 602.3566798435055 591.4391700784836 581.2076117172542 569.3296071279977 557.8034246190892 547.742799469919 535.5886974912701 525.4275681667805 513.9850984153697 498.2216912497021 488.2290229043472 472.9594864198187 454.78393189803364 435.36498489430153 417.9045182430382 403.41303946001244 385.5387148247724 368.47074177959394 355.87079063988466 346.8132908787181 340.89505319507373 337.20697322790164 331.279463349595 318.7907687678485 306.8373906835422 299.6077348585968 290.03171843879306 279.37373119600517 270.42424933995176 262.2447890958926 253.6928033137668 247.99999967582593 245.65322859893516 242.1349391246187 237.27714102824208 232.4750801546299
650.390221348595 648.0488982208699 642.3421471507992 635.0445079168043 625.7663142345909 613.724819373977 600.9061099913482 589.1416708409348 578.7603144632227 566.5612494696474 553.6165179527796 543.1336128013004 532.6126163187571 520.919566921835 509.5743258113849 496.99960665861704 485.37863720075904 467.20943079635583 445.976277175291 429.4721968019163 417.63762087636167 401.08065186429985 388.41042304187107 378.3895438644996 368.21303430295524 361.66055610878595 357.15600204252365 351.3524789325534 343.5188190798381 327.7262047434314 317.09642556102705 309.6222009798819 296.5546296021146 283.9049818619438 275.6034334420753 268.9275189706124 263.54204138438627 262.0256154341996 260.92009150086653 257.45892152727015 253.64052810270454 250.21849707679377
639.7602131299869 637.4669137369908 633.5236864655387 628.5235634977349 622.9106712879804 612.0314096838166 598.339922666056 588.1821034677548 577.9409476950996 564.8120564568994 550.9353262845484 539.4464634673286 530.1446069020595 520.8351281049581 509.80560501474844 498.4784110198695 482.8208147297021 462.28048213978155 440.7950669943259 428.1009877558686 419.79479717898664 406.4515824273953 397.8179698723668 392.02831421530266 382.2072788958669 374.32237914293773 369.09010346245896 360.68639370943214 350.76033062955537 335.8391968967463 325.2509741500432 315.67788014985376 302.17149576107795 290.42811717014166 282.8908404941366 277.4145411978372 274.82844982725175 274.9409270603372 273.5118581555373 269.68009084805266 264.986649510193 259.80417446306626
629.4084242431768 627.665434108758 625.2331147124804 621.4004085256447 618.5712127843507 610.7571243854786 596.812957131838 590.9397838663609 579.3021443289998 564.6288124542555 550.3205619164384 538.5346215842428 528.8250224822303 520.0295366796648 509.71420818826414 496.88930842990004 481.5620942283616 465.4190466547112 447.86761364038364 434.7795026929233 425.6263459523517 413.7917420878911 406.4857686518635 400.27010211391735 388.9154113311449 378.3277602797957 371.19874001734007 361.73254947978273 351.76964410738447 339.73247868871624 327.88140856503935 318.69081267560216 307.711992042652 297.6740886163019 290.83239329873146 287.5248353812017 286.7636679734254 286.79254748855794 283.9977220175922 277.41880451818423 269.9974464629747 262.7224558776949
618.7869105325589 617.5740884730267 615.2331671259757 613.1990407494623 612.4807084749677 608.4174610678591 595.5581990548408 587.5215247211855 576.6342165929188 563.1055918649927 550.3976994260836 538.53273418433 527.2923538664652 518.3239440551793 507.6070085349963 497.1197929791582 487.0719038038723 475.7136310866026 462.3832039943454 448.1331179924161 435.1625848249954 425.57038994524703 416.4930684861325 404.6168887980036 390.3560072254285 376.9711863616307 367.57584692138136 357.3679626546696 347.2754984747418 337.6143220538548 327.44963334792754 319.3387207255262 311.29293593628 305.8859694560054 302.0007991435363 299.34021839376624 297.1352129031008 294.0348512314591 288.3053102154035 279.9365137736721 270.69861868584246 263.2834312884838
609.4692090481616 607.6920567118873 604.8793231727893 603.4981564091534 604.4522552131239 603.3329374344588 592.5882814142768 581.5309524209447 571.2843351696206 558.7287133423464 544.8163024712795 531.6417036008055 519.7484966775646 512.5010295577492 505.6187869473498 498.657752449715 492.185422992832 484.27770338412085 472.396872601759 454.74685080442276 441.0858587537492 431.1779045431307 419.39935033199805 404.3841457463875 387.7782159622567 371.07426923227354 358.87430022527076 348.27427016465924 339.3484523381172 331.11509947145885 324.841915880918 319.4095788361907 314.8612220512144 312.8828367394465 310.61400972075893 307.5833279631041 303.1856401164542 296.23762843094124 288.5490496675107 279.49177867814734 271.47322814082685 265.01373094213716
601.9951709350265 598.917582763379 595.5285389069311 594.0623359773516 595.4344866505098 594.9240920405907 588.7447036464583 576.0172312323845 565.1947264453235 552.4791126872288 538.1265646907408 526.3073830104652 513.9823604987971 505.42800854030094 499.528628004129 493.97918363033057 491.0054785450054 484.1497748935155 471.8610757647898 454.11526269121134 439.8166259501404 427.01404436981295 414.1608338947468 399.85025381328455 383.6955514545608 367.39368819149354 354.0328820241321 344.1188274328259 334.83613088784807 327.4820245185995 323.0375013302976 320.2430149899035 318.55744530569916 315.9057309315655 312.9260068879432 309.15860660229174 304.19399793363897 296.99752035343806 289.1711505076407 281.5064575070382 273.5245459915755 265.3125120895676
596.0936182949382 591.9921226727632 588.0915989630778 585.9307362175741 585.9929856613219 584.6439230621097 580.1762502315958 569.951926197459 558.5750098096521 544.9089604554914 530.4575352122191 517.8577466783788 506.74460058249974 497.27291718961686 490.8190786489856 485.503511745468 483.09074196796644 476.49409843716234 463.1573913634526 447.159474708346 433.54487401788873 420.0848114820336 407.86508085228263 394.67889922221207 379.9129781609937 364.6989438580902 350.78147981666297 341.11450433919543 331.04943474479364 325.19383510770547 321.1728654341264 319.75800744158477 318.4458491811639 313.7168195709409 309.6079253999612 305.28753467605054 301.4959809525683 296.72807227952666 291.4488671042703 284.275108537184 275.1680329590447 260.7065361874847
589.6688647192123 585.3587779377716 580.560517201782 576.900977591528 574.7044709785589 572.5750961490393 569.6812361191835 561.6254009768808 550.3724706008253 536.9152182628047 521.4666373110889 507.95817689089705 497.6035501532877 487.5606284426047 479.11742443197465 473.4274114098634 468.8630705412874 462.5199904661723 449.9177536378353 435.05658557216236 422.4684365672984 410.1024890094071 400.11202157421064 388.98964546055737 376.06038917356256 363.409537346781 350.33975503333835 338.40557540062116 328.6615332961198 320.95069261712837 315.31866916891283 312.73796214946094 310.93304564341224 306.1165087980088 300.6834708985112 295.7802942934045 293.5944490316068 292.34732509974197 289.89225445084503 283.2725592386515 273.63699890300427 255.41976933665092
582.0699964365717 577.8169921736428 572.1082763743676 566.4185629169216 561.8894124317369 558.9338081646345 557.5536631076727 551.4714443225456 541.8701846939279 529.649999153271 515.772159384712 502.32214663200597 490.4624251809562 477.7454659140494 465.2267041456761 456.88006932556425 450.930187756298 444.18405323452225 432.68389213715653 420.00497708983886 407.963655884648 395.96546505364967 388.6247343267626 381.56115595553547 372.3148775188662 361.9023827845917 350.5259399966917 338.7772292232818 327.6546687616731 317.60864503276406 309.83220254591845 305.75520717485153 303.0254719711038 298.650856698365 290.9771773856889 282.68108221251913 279.73160621475085 279.9418095068681 278.9512389771981 274.802535232079 265.8387056914694 248.97161245956366
573.3029870195352 569.2539417583481 563.0219461967691 555.5592321657585 549.3575175073713 545.3146692918966 542.8075180699907 538.972229889192 533.6430153483258 525.0356135204108 513.0573025342102 498.8101914781156 483.8272564552519 467.67627497650966 453.20602570355516 441.7475357551084 432.95770705022267 423.29838225560195 413.26907390850806 403.45029487696047 389.94297022633754 378.7347442265086 373.97902319728854 370.79500123621204 365.1805492510977 357.8840351212437 349.5011297922765 339.4366642625099 328.44107480859594 317.2764180644903 307.5885055774622 300.3725000356698 295.75792145257896 291.8529014339696 285.60424466943556 275.5820632667481 264.0905170774545 260.2830554697221 257.27444875879826 253.45029184954274 247.89208061502612 237.89561041137858
562.3264551426582 558.9692072144071 552.7934009459383 544.2111359005166 536.4324380439173 531.0305244389081 526.5795571003935 523.3118029471825 520.5871872495354 515.9790167322992 507.49068332458893 493.6666698915327 475.6808173001744 457.194300421254 444.4120215529576 431.1814116354655 418.31827873827376 407.63673681021874 396.77910983421094 386.39651423615305 372.34976235922284 361.9178781294002 357.1868979771574 355.4026243099269 352.43827605934086 349.4916455309966 345.76778009142913 338.7767304022523 329.8842274399998 318.85576924680004 307.43646230756855 296.98347449648173 290.21952438426297 286.06638178205213 279.7674316702063 266.9133518094427 247.87077303451525 240.40831469951016 236.63695351722544 235.71676870454138 236.24325617957697 231.01243248430995
550.2541672404868 547.5758612137515 541.3966459521642 531.8872982845814 521.8721408998365 513.233140094254 508.0787209227735 504.83853546966844 502.43095920361003 501.7195048214644 497.83705042518307 486.39520062526134 468.05995171042736 448.70899997986174 436.65628212013866 423.086874119827 408.309528291237 396.2186357967379 384.3223728184954 372.83217071118213 357.70515720978443 347.07450577168504 340.71257506129496 337.62208368548045 334.35981883819613 332.7468122467582 333.45322890365156 333.4377045670002 330.61782338555076 322.7488400915038 310.3963988189438 301.907723434896 289.843515523562 280.66652457906594 273.59205500069436 260.0983588421347 240.8000039162218 229.12714052011822 221.22678328431002 221.35780017047924 222.07410803546628 219.31224995747192
